"","V1","V2","V3","V4","V5"
"1",3,0,30,3,3
"2",3,0,3,12,21
"3",6,24,0,9,0
"4",6,6,15,6,6
"5",3,6,21,9,0
"6",3,24,6,3,3
"7",0,3,21,12,3
"8",6,3,24,3,3
"9",0,33,3,3,0
"10",6,15,15,3,0
"11",6,0,30,3,0
"12",0,6,24,6,3
"13",18,12,6,3,0
"14",15,6,18,0,0
"15",9,3,27,0,0
"16",6,27,6,0,0
"17",6,30,3,0,0
"18",3,30,6,0,0
"19",3,15,18,0,3
"20",6,27,3,3,0
"21",0,3,33,0,3
"22",3,0,3,21,12
"23",0,3,15,12,9
"24",3,0,27,3,6
"25",15,9,12,3,0
"26",15,18,3,3,0
"27",6,21,9,3,0
"28",6,27,0,3,3
"29",6,0,3,24,6
"30",6,0,6,21,6
"31",15,0,6,15,3
"32",6,0,9,24,0
"33",12,0,24,3,0
"34",3,0,18,15,3
"35",6,0,15,15,3
"36",6,3,21,9,0
"37",3,3,27,0,6
"38",0,3,3,21,12
"39",12,21,0,3,3
"40",6,9,21,3,0
"41",9,6,18,3,3
"42",3,24,6,3,3
"43",6,3,27,3,0
"44",3,3,24,6,3
"45",6,3,30,0,0
"46",21,12,6,0,0
"47",0,3,0,18,18
"48",3,24,9,0,3
"49",30,0,0,0,9
"50",21,18,0,0,0
"51",9,15,9,6,0
"52",6,0,18,12,3
"53",12,18,6,3,0
"54",3,3,27,3,3
"55",3,6,30,0,0
"56",0,6,6,18,9
"57",6,9,24,0,0
"58",3,9,27,0,0
"59",3,6,21,6,3
"60",6,6,24,3,0
"61",3,9,15,12,0
"62",0,3,12,18,6
"63",3,3,6,12,15
"64",15,9,12,3,0
"65",6,3,15,15,0
"66",3,9,24,3,0
"67",0,0,15,21,3
"68",3,3,0,15,18
"69",3,21,12,3,0
"70",0,3,12,15,9
"71",6,15,15,3,0
"72",6,0,27,6,0
"73",3,15,3,9,9
"74",3,3,6,15,12
"75",3,3,6,18,9
"76",6,30,3,0,0
"77",0,3,9,21,6
"78",3,0,6,15,15
"79",6,0,21,6,6
"80",6,27,6,0,0
"81",3,3,24,9,0
"82",3,30,3,3,0
"83",3,9,24,0,3
"84",6,3,27,0,3
"85",12,21,0,6,0
"86",3,30,0,6,0
"87",0,9,24,3,3
"88",33,6,0,0,0
"89",6,9,12,12,0
"90",0,3,30,6,0
"91",6,18,15,0,0
"92",6,9,18,3,3
"93",6,9,21,0,3
"94",0,6,24,9,0
"95",9,18,6,3,3
"96",3,0,12,24,0
"97",3,0,6,18,12
"98",9,21,6,0,3
"99",6,24,9,0,0
"100",6,0,15,3,15
"101",0,0,6,27,6
"102",6,0,12,18,3
"103",9,24,3,3,0
"104",15,12,6,6,0
"105",6,15,18,0,0
"106",3,0,27,3,6
"107",9,3,3,18,6
"108",3,3,30,0,3
"109",0,6,3,27,3
"110",6,3,6,18,6
"111",3,6,27,3,0
"112",0,6,21,12,0
"113",9,0,21,3,6
"114",18,6,12,0,3
"115",6,21,12,0,0
"116",0,6,21,12,0
"117",6,24,6,0,3
"118",9,27,3,0,0
"119",12,3,6,9,9
"120",0,3,9,15,12
"121",6,0,27,3,3
"122",6,24,6,0,3
"123",6,33,0,0,0
"124",0,3,21,15,0
"125",3,3,3,27,3
"126",0,9,27,3,0
"127",0,6,30,3,0
"128",3,6,18,12,0
"129",0,6,15,18,0
"130",3,21,15,0,0
"131",9,24,3,0,3
"132",3,9,27,0,0
"133",21,12,3,3,0
"134",6,12,18,0,3
"135",9,0,6,24,0
"136",3,6,3,12,15
"137",3,0,12,15,9
"138",0,12,24,0,3
"139",3,0,30,3,3
"140",6,0,30,3,0
"141",6,0,18,9,6
"142",6,9,9,6,9
"143",6,9,18,6,0
"144",6,0,30,3,0
"145",0,3,21,15,0
"146",24,9,3,3,0
"147",3,3,33,0,0
"148",0,12,15,12,0
"149",0,3,30,6,0
"150",3,9,18,9,0
"151",3,3,21,12,0
"152",6,6,21,0,6
"153",12,24,3,0,0
"154",9,3,6,15,6
"155",15,15,6,3,0
"156",0,9,18,9,3
"157",33,6,0,0,0
"158",0,3,3,24,9
"159",3,9,24,3,0
"160",12,18,9,0,0
"161",6,3,18,9,3
"162",0,3,9,18,9
"163",6,33,0,0,0
"164",0,3,3,15,18
"165",18,15,3,3,0
"166",3,24,6,6,0
"167",3,27,9,0,0
"168",6,30,3,0,0
"169",6,30,3,0,0
"170",12,3,21,3,0
"171",3,9,24,0,3
"172",3,3,3,18,12
"173",3,6,30,0,0
"174",6,3,12,12,6
"175",0,0,27,12,0
"176",3,0,24,9,3
"177",0,3,21,9,6
"178",6,0,33,0,0
"179",24,6,6,3,0
"180",24,6,6,3,0
"181",3,6,3,24,3
"182",0,3,6,9,21
"183",3,0,12,18,6
"184",3,0,6,27,3
"185",6,3,9,9,12
"186",0,0,6,27,6
"187",0,6,27,6,0
"188",3,6,27,3,0
"189",0,0,6,30,3
"190",6,0,30,3,0
"191",12,0,21,0,6
"192",3,6,27,0,3
"193",6,21,9,0,3
"194",0,3,33,3,0
"195",3,3,30,3,0
"196",6,6,12,15,0
"197",15,9,12,0,3
"198",12,18,6,3,0
"199",3,6,6,18,6
"200",6,0,27,6,0
"201",15,18,3,3,0
"202",3,18,12,6,0
"203",0,9,15,12,3
"204",6,24,6,3,0
"205",0,9,27,3,0
"206",18,18,3,0,0
"207",3,27,6,0,3
"208",0,3,24,3,9
"209",9,18,12,0,0
"210",6,0,3,9,21
"211",3,6,24,6,0
"212",6,0,30,3,0
"213",3,15,18,0,3
"214",6,3,21,3,6
"215",0,9,0,21,9
"216",3,0,9,21,6
"217",0,6,18,9,6
"218",3,6,18,9,3
"219",3,3,30,3,0
"220",3,3,0,30,3
"221",18,12,6,3,0
"222",6,3,30,0,0
"223",3,3,6,24,3
"224",0,33,6,0,0
"225",3,0,18,15,3
"226",15,6,9,0,9
"227",3,3,30,0,3
"228",15,21,0,3,0
"229",3,0,3,12,21
"230",3,9,27,0,0
"231",3,0,9,21,6
"232",0,6,18,12,3
"233",3,3,15,15,3
"234",6,18,9,3,3
"235",3,0,33,0,3
"236",3,6,15,9,6
"237",9,3,24,3,0
"238",3,30,3,0,3
"239",6,3,3,21,6
"240",18,9,6,6,0
"241",15,3,18,3,0
"242",0,3,6,15,15
"243",3,9,24,3,0
"244",3,33,0,3,0
"245",6,27,0,3,3
"246",12,3,18,6,0
"247",27,12,0,0,0
"248",3,0,3,27,6
"249",3,3,21,9,3
"250",3,6,30,0,0
"251",6,6,24,3,0
"252",0,3,3,18,15
"253",6,15,15,3,0
"254",3,15,9,6,6
"255",3,3,21,12,0
"256",3,12,24,0,0
"257",3,9,27,0,0
"258",6,6,24,3,0
"259",3,6,27,0,3
"260",3,6,27,0,3
"261",9,9,18,3,0
"262",3,0,18,18,0
"263",3,3,9,18,6
"264",6,27,3,3,0
"265",3,36,0,0,0
"266",15,18,0,6,0
"267",0,3,33,0,3
"268",6,18,9,0,6
"269",3,3,18,9,6
"270",9,6,24,0,0
"271",3,6,15,15,0
"272",6,3,30,0,0
"273",3,33,3,0,0
"274",12,21,6,0,0
"275",6,3,27,3,0
"276",3,9,15,6,6
"277",6,12,15,6,0
"278",0,15,9,12,3
"279",6,9,24,0,0
"280",6,9,24,0,0
"281",0,0,21,18,0
"282",3,0,24,12,0
"283",27,9,3,0,0
"284",0,3,21,9,6
"285",3,0,30,6,0
"286",6,3,18,12,0
"287",3,21,6,6,3
"288",0,3,9,27,0
"289",6,0,3,30,0
"290",9,6,24,0,0
"291",0,0,24,12,3
"292",3,0,6,3,27
"293",6,3,18,9,3
"294",3,21,12,3,0
"295",0,6,18,9,6
"296",6,24,6,3,0
"297",6,9,18,6,0
"298",21,9,3,3,3
"299",3,21,9,3,3
"300",0,0,21,18,0
"301",15,18,6,0,0
"302",0,3,36,0,0
"303",0,3,12,12,12
"304",6,3,27,3,0
"305",0,6,3,21,9
"306",9,12,18,0,0
"307",9,9,18,3,0
"308",33,3,3,0,0
"309",3,6,24,3,3
"310",3,0,18,12,6
"311",3,27,6,3,0
"312",3,3,27,3,3
"313",6,0,18,9,6
"314",3,21,15,0,0
"315",6,0,21,9,3
"316",3,0,6,18,12
"317",0,27,3,3,6
"318",0,6,27,3,3
"319",0,0,9,18,12
"320",6,30,0,3,0
"321",6,3,24,0,6
"322",6,27,3,0,3
"323",3,6,27,0,3
"324",15,12,6,0,6
"325",3,30,3,0,3
"326",9,6,3,18,3
"327",6,18,12,0,3
"328",3,3,27,3,3
"329",12,18,9,0,0
"330",3,0,12,18,6
"331",3,9,24,3,0
"332",6,3,30,0,0
"333",6,18,12,0,3
"334",6,30,0,3,0
"335",6,6,21,3,3
"336",6,0,24,9,0
"337",6,3,27,0,3
"338",3,33,0,3,0
"339",3,3,0,12,21
"340",6,30,3,0,0
"341",6,0,6,24,3
"342",6,27,3,0,3
"343",3,3,24,9,0
"344",6,30,3,0,0
"345",3,0,36,0,0
"346",3,6,27,3,0
"347",3,0,30,6,0
"348",3,3,21,12,0
"349",3,0,12,12,12
"350",3,3,3,27,3
"351",6,0,12,21,0
"352",3,3,24,9,0
"353",0,9,6,24,0
"354",0,3,21,3,12
"355",3,3,9,12,12
"356",15,15,3,6,0
"357",15,12,9,3,0
"358",6,9,21,3,0
"359",6,0,27,0,6
"360",3,3,15,12,6
"361",3,27,9,0,0
"362",0,0,6,18,15
"363",6,15,15,0,3
"364",6,30,0,0,3
"365",0,6,12,15,6
"366",3,9,27,0,0
"367",6,27,3,3,0
"368",9,18,9,3,0
"369",12,12,9,0,6
"370",0,6,33,0,0
"371",0,21,15,0,3
"372",0,21,12,6,0
"373",3,6,27,3,0
"374",9,24,3,3,0
"375",3,3,12,21,0
"376",3,6,27,3,0
"377",21,15,3,0,0
"378",3,0,12,21,3
"379",3,3,27,3,3
"380",6,21,9,0,3
"381",6,15,12,6,0
"382",24,12,3,0,0
"383",9,9,15,6,0
"384",6,9,18,3,3
"385",12,21,6,0,0
"386",3,12,12,9,3
"387",3,12,12,3,9
"388",6,18,9,0,6
"389",0,6,15,15,3
"390",9,15,6,6,3
"391",6,0,24,6,3
"392",12,0,21,3,3
"393",3,21,9,3,3
"394",6,15,12,6,0
"395",3,3,18,15,0
"396",3,3,27,3,3
"397",6,3,30,0,0
"398",3,15,18,3,0
"399",9,6,24,0,0
"400",3,3,6,24,3
"401",6,0,30,3,0
"402",6,3,9,15,6
"403",6,15,3,6,9
"404",3,0,30,3,3
"405",3,24,9,3,0
"406",3,27,6,3,0
"407",6,30,0,3,0
"408",6,6,21,6,0
"409",6,12,15,3,3
"410",3,9,9,18,0
"411",3,15,18,3,0
"412",21,15,3,0,0
"413",0,12,24,0,3
"414",3,30,0,3,3
"415",6,15,18,0,0
"416",15,9,12,3,0
"417",3,6,27,0,3
"418",0,6,33,0,0
"419",3,3,21,3,9
"420",0,0,3,9,27
"421",3,6,21,6,3
"422",6,30,3,0,0
"423",9,27,3,0,0
"424",0,6,12,12,9
"425",6,27,3,3,0
"426",3,0,12,21,3
"427",6,30,3,0,0
"428",0,6,27,3,3
"429",0,12,24,3,0
"430",3,3,9,18,6
"431",3,6,18,12,0
"432",9,27,3,0,0
"433",0,3,12,21,3
"434",3,3,24,9,0
"435",3,0,12,21,3
"436",6,0,6,12,15
"437",15,18,3,3,0
"438",3,24,12,0,0
"439",12,18,6,3,0
"440",0,24,12,3,0
"441",9,6,18,3,3
"442",6,6,15,6,6
"443",0,6,3,9,21
"444",6,18,12,0,3
"445",0,3,33,3,0
"446",12,27,0,0,0
"447",6,30,3,0,0
"448",9,9,18,0,3
"449",6,3,12,15,3
"450",9,6,18,0,6
"451",9,18,9,3,0
"452",6,6,24,3,0
"453",3,3,24,6,3
"454",3,0,12,12,12
"455",6,3,24,0,6
"456",3,3,27,6,0
"457",0,3,27,9,0
"458",6,24,6,3,0
"459",3,12,15,3,6
"460",0,3,3,27,6
"461",3,3,9,24,0
"462",3,3,24,6,3
"463",18,15,6,0,0
"464",6,3,18,12,0
"465",6,9,21,3,0
"466",3,6,9,18,3
"467",3,9,24,0,3
"468",21,15,0,3,0
"469",3,30,6,0,0
"470",9,18,12,0,0
"471",18,21,0,0,0
"472",3,3,9,9,15
"473",0,3,3,30,3
"474",0,3,18,12,6
"475",3,0,3,24,9
"476",24,12,0,3,0
"477",6,30,3,0,0
"478",18,6,9,6,0
"479",0,9,27,0,3
"480",6,15,18,0,0
"481",12,15,12,0,0
"482",3,33,3,0,0
"483",6,12,21,0,0
"484",3,3,9,24,0
"485",0,6,30,3,0
"486",6,9,15,9,0
"487",3,3,9,21,3
"488",6,12,18,0,3
"489",6,12,18,3,0
"490",6,27,3,3,0
"491",3,3,18,9,6
"492",6,3,18,6,6
"493",3,3,30,0,3
"494",6,6,21,0,6
"495",15,9,15,0,0
"496",6,6,27,0,0
"497",0,3,18,15,3
"498",3,0,27,9,0
"499",0,9,24,6,0
"500",12,21,6,0,0
"501",6,12,12,9,0
"502",0,6,15,15,3
"503",3,0,33,0,3
"504",3,27,3,6,0
"505",3,3,3,12,18
"506",0,6,6,24,3
"507",6,30,3,0,0
"508",6,9,18,0,6
"509",15,12,6,3,3
"510",0,6,18,12,3
"511",12,9,15,3,0
"512",6,3,27,3,0
"513",3,3,27,3,3
"514",24,9,6,0,0
"515",3,3,30,0,3
"516",3,0,3,24,9
"517",3,6,27,3,0
"518",6,3,12,3,15
"519",15,9,9,3,3
"520",6,6,12,6,9
"521",9,24,0,3,3
"522",3,0,27,3,6
"523",3,0,30,3,3
"524",3,3,18,12,3
"525",6,3,3,3,24
"526",3,0,30,3,3
"527",9,6,21,3,0
"528",6,12,18,3,0
"529",6,0,18,15,0
"530",3,27,9,0,0
"531",3,3,15,15,3
"532",6,0,18,12,3
"533",3,15,18,3,0
"534",15,18,3,3,0
"535",3,6,3,27,0
"536",3,3,27,6,0
"537",3,6,12,18,0
"538",18,15,3,3,0
"539",27,6,6,0,0
"540",3,21,9,6,0
"541",3,24,3,9,0
"542",3,9,21,3,3
"543",0,12,9,18,0
"544",3,6,24,6,0
"545",3,0,9,9,18
"546",3,0,21,6,9
"547",6,0,27,6,0
"548",24,3,9,0,3
"549",24,15,0,0,0
"550",12,27,0,0,0
"551",3,3,9,18,6
"552",0,3,30,3,3
"553",18,18,0,0,3
"554",3,0,24,9,3
"555",9,6,18,6,0
"556",3,12,15,3,6
"557",6,3,6,24,0
"558",0,3,12,18,6
"559",15,12,9,3,0
"560",18,12,9,0,0
"561",6,0,27,6,0
"562",9,0,12,9,9
"563",6,3,30,0,0
"564",27,0,3,6,3
"565",6,27,6,0,0
"566",18,12,3,3,3
"567",0,6,3,24,6
"568",9,18,6,0,6
"569",3,3,15,15,3
"570",3,12,12,9,3
"571",6,3,3,24,3
"572",6,3,27,3,0
"573",3,0,3,30,3
"574",6,0,0,30,3
"575",3,9,3,18,6
"576",3,6,24,3,3
"577",3,9,24,3,0
"578",6,3,21,9,0
"579",12,21,6,0,0
"580",6,9,21,3,0
"581",3,3,30,0,3
"582",6,3,21,6,3
"583",0,3,18,15,3
"584",6,0,30,3,0
"585",3,18,18,0,0
"586",3,0,15,9,12
"587",6,21,9,3,0
"588",3,24,6,6,0
"589",0,3,6,12,18
"590",0,3,3,30,3
"591",3,15,12,6,3
"592",0,3,0,33,3
"593",0,3,27,6,3
"594",0,6,30,0,3
"595",3,6,30,0,0
"596",3,3,0,18,15
"597",3,27,6,0,3
"598",3,0,30,0,6
"599",3,6,27,3,0
"600",3,3,33,0,0
"601",3,6,18,9,3
"602",9,12,18,0,0
"603",6,15,9,6,3
"604",6,0,30,3,0
"605",6,15,18,0,0
"606",3,6,12,15,3
"607",6,0,21,9,3
"608",3,18,15,3,0
"609",9,24,6,0,0
"610",6,24,9,0,0
"611",0,27,9,0,3
"612",0,6,33,0,0
"613",6,27,0,3,3
"614",6,9,21,3,0
"615",0,6,6,18,9
"616",3,3,15,6,12
"617",0,0,18,15,6
"618",3,21,12,0,3
"619",9,3,18,9,0
"620",3,0,18,18,0
"621",3,0,24,12,0
"622",21,6,9,0,3
"623",12,24,0,0,3
"624",3,3,18,15,0
"625",0,18,15,3,3
"626",6,9,9,12,3
"627",9,30,0,0,0
"628",0,3,24,6,6
"629",6,0,12,15,6
"630",3,3,18,12,3
"631",3,3,15,15,3
"632",18,15,3,3,0
"633",15,18,6,0,0
"634",3,0,9,21,6
"635",6,0,27,6,0
"636",3,0,27,9,0
"637",6,18,15,0,0
"638",21,6,9,0,3
"639",3,6,21,9,0
"640",27,9,0,0,3
"641",18,3,12,3,3
"642",3,3,15,15,3
"643",0,3,30,6,0
"644",12,18,9,0,0
"645",0,6,24,9,0
"646",3,3,6,24,3
"647",3,0,27,9,0
"648",6,3,24,3,3
"649",0,9,21,3,6
"650",24,3,9,3,0
"651",3,18,12,0,6
"652",6,3,9,6,15
"653",15,18,3,0,3
"654",3,0,30,3,3
"655",6,15,18,0,0
"656",3,21,6,6,3
"657",6,15,12,6,0
"658",9,18,6,6,0
"659",6,15,15,0,3
"660",3,6,6,12,12
"661",6,21,9,0,3
"662",21,9,6,0,3
"663",3,9,27,0,0
"664",6,3,9,21,0
"665",3,18,15,3,0
"666",0,6,18,12,3
"667",12,12,9,0,6
"668",15,18,0,6,0
"669",3,0,21,15,0
"670",3,0,21,12,3
"671",9,15,12,3,0
"672",6,6,15,12,0
"673",3,3,24,6,3
"674",3,30,0,3,3
"675",6,27,6,0,0
"676",9,15,12,0,3
"677",3,6,27,0,3
"678",6,3,24,3,3
"679",0,6,18,6,9
"680",3,27,3,0,6
"681",0,0,3,27,9
"682",3,12,24,0,0
"683",12,24,0,3,0
"684",6,6,21,6,0
"685",15,9,12,3,0
"686",3,3,6,27,0
"687",24,6,9,0,0
"688",15,18,0,0,6
"689",30,9,0,0,0
"690",0,6,3,24,6
"691",3,9,27,0,0
"692",3,3,12,21,0
"693",24,9,6,0,0
"694",3,3,30,3,0
"695",24,15,0,0,0
"696",12,0,9,3,15
"697",3,3,30,3,0
"698",0,15,21,3,0
"699",3,3,24,3,6
"700",6,9,24,0,0
"701",3,0,12,12,12
"702",0,12,27,0,0
"703",6,9,24,0,0
"704",6,18,12,0,3
"705",15,9,9,0,6
"706",6,18,12,0,3
"707",6,6,9,15,3
"708",3,24,12,0,0
"709",3,3,33,0,0
"710",6,27,3,3,0
"711",3,3,21,12,0
"712",3,21,9,6,0
"713",3,3,0,30,3
"714",6,24,6,3,0
"715",24,6,3,6,0
"716",6,24,3,6,0
"717",3,0,18,18,0
"718",6,6,24,3,0
"719",3,0,12,18,6
"720",6,18,15,0,0
"721",9,6,21,0,3
"722",12,27,0,0,0
"723",9,24,6,0,0
"724",3,3,24,6,3
"725",9,3,24,0,3
"726",3,6,15,9,6
"727",3,3,27,6,0
"728",0,6,15,9,9
"729",3,30,6,0,0
"730",3,6,30,0,0
"731",3,12,24,0,0
"732",24,9,6,0,0
"733",0,6,6,12,15
"734",0,3,6,12,18
"735",3,3,21,9,3
"736",6,3,15,12,3
"737",6,18,9,3,3
"738",3,3,33,0,0
"739",9,21,6,3,0
"740",3,24,6,0,6
"741",9,18,9,3,0
"742",3,0,33,3,0
"743",3,3,3,9,21
"744",0,3,9,18,9
"745",6,9,18,6,0
"746",3,15,21,0,0
"747",6,0,12,12,9
"748",3,24,9,3,0
"749",6,0,30,3,0
"750",27,9,3,0,0
"751",3,3,6,15,12
"752",6,12,12,9,0
"753",3,0,24,12,0
"754",6,24,6,3,0
"755",21,18,0,0,0
"756",27,9,3,0,0
"757",0,3,3,24,9
"758",3,0,33,0,3
"759",6,0,6,18,9
"760",21,9,6,3,0
"761",6,3,24,3,3
"762",3,0,12,21,3
"763",18,18,3,0,0
"764",18,3,9,9,0
"765",27,9,3,0,0
"766",27,6,6,0,0
"767",3,27,0,0,9
"768",3,3,15,15,3
"769",3,0,21,12,3
"770",6,3,6,18,6
"771",3,0,36,0,0
"772",3,3,27,3,3
"773",12,6,15,0,6
"774",6,6,15,3,9
"775",15,0,18,3,3
"776",6,6,18,6,3
"777",6,6,21,3,3
"778",3,0,33,3,0
"779",3,3,12,21,0
"780",3,3,27,6,0
"781",0,3,33,3,0
"782",6,12,12,6,3
"783",30,3,3,3,0
"784",6,3,24,0,6
"785",0,9,3,18,9
"786",3,3,30,3,0
"787",3,0,24,9,3
"788",3,18,15,3,0
"789",12,6,12,6,3
"790",12,18,6,3,0
"791",30,3,0,6,0
"792",6,18,12,0,3
"793",3,3,15,12,6
"794",3,9,9,12,6
"795",27,6,6,0,0
"796",0,3,6,21,9
"797",6,3,9,12,9
"798",0,6,6,24,3
"799",3,3,27,3,3
"800",3,0,6,24,6
"801",6,6,18,3,6
"802",9,0,6,12,12
"803",6,24,3,3,3
"804",3,9,24,0,3
"805",3,30,3,0,3
"806",6,9,15,9,0
"807",3,3,0,33,0
"808",6,0,27,0,6
"809",6,27,6,0,0
"810",6,9,21,3,0
"811",9,3,24,3,0
"812",6,0,12,12,9
"813",3,0,27,0,9
"814",3,3,21,6,6
"815",3,6,27,0,3
"816",3,18,9,3,6
"817",3,9,21,0,6
"818",12,3,21,0,3
"819",9,6,24,0,0
"820",3,3,27,6,0
"821",3,0,21,9,6
"822",0,3,6,18,12
"823",0,18,21,0,0
"824",24,12,0,0,3
"825",3,6,6,24,0
"826",3,33,3,0,0
"827",6,12,12,3,6
"828",0,9,27,0,3
"829",12,21,3,0,3
"830",0,3,3,0,33
"831",0,3,36,0,0
"832",6,0,3,27,3
"833",3,3,0,21,12
"834",3,33,3,0,0
"835",3,0,33,0,3
"836",3,6,30,0,0
"837",6,27,0,6,0
"838",0,6,18,12,3
"839",6,3,21,9,0
"840",6,6,9,18,0
"841",3,3,27,3,3
"842",3,3,30,3,0
"843",3,3,3,24,6
"844",3,0,9,27,0
"845",0,3,36,0,0
"846",0,0,27,9,3
"847",6,15,15,3,0
"848",3,6,30,0,0
"849",18,12,9,0,0
"850",3,6,18,9,3
"851",12,0,9,18,0
"852",3,6,18,12,0
"853",9,0,27,0,3
"854",6,9,9,12,3
"855",9,0,15,9,6
"856",3,0,15,21,0
"857",21,3,9,3,3
"858",3,0,15,18,3
"859",15,21,3,0,0
"860",6,21,12,0,0
"861",3,6,27,3,0
"862",6,0,30,3,0
"863",15,18,6,0,0
"864",6,3,21,6,3
"865",3,0,18,9,9
"866",3,27,3,6,0
"867",6,9,18,6,0
"868",6,0,21,6,6
"869",6,9,15,9,0
"870",3,3,30,3,0
"871",6,6,24,3,0
"872",3,9,21,3,3
"873",6,3,18,12,0
"874",6,6,24,3,0
"875",0,3,15,18,3
"876",6,12,18,0,3
"877",12,6,15,3,3
"878",12,6,15,6,0
"879",0,12,18,9,0
"880",3,0,6,27,3
"881",3,0,3,30,3
"882",6,0,30,3,0
"883",3,3,15,18,0
"884",6,9,21,3,0
"885",3,3,33,0,0
"886",6,0,27,3,3
"887",15,21,0,0,3
"888",0,3,15,12,9
"889",3,6,9,9,12
"890",3,3,27,6,0
"891",9,9,6,15,0
"892",6,3,24,6,0
"893",3,0,18,18,0
"894",0,6,3,30,0
"895",3,33,3,0,0
"896",15,6,18,0,0
"897",0,0,9,21,9
"898",6,0,24,3,6
"899",6,3,27,3,0
"900",3,24,9,3,0
"901",3,33,3,0,0
"902",3,3,21,9,3
"903",0,3,9,12,15
"904",3,3,30,0,3
"905",9,6,0,0,0
"906",3,0,27,6,3
"907",18,15,6,0,0
"908",6,6,9,15,3
"909",9,0,9,12,9
"910",3,3,24,9,0
"911",3,15,18,3,0
"912",6,30,0,3,0
"913",3,0,33,0,3
"914",18,6,0,0,0
"915",6,0,30,3,0
"916",6,3,24,6,0
"917",3,0,12,21,3
"918",6,30,3,0,0
"919",3,6,12,9,9
"920",9,21,6,0,3
"921",6,21,9,3,0
"922",3,0,30,3,3
"923",27,9,3,0,0
"924",3,0,15,9,12
"925",6,24,9,0,0
"926",6,33,0,0,0
"927",6,0,30,3,0
"928",3,3,21,6,6
"929",6,6,27,0,0
"930",3,3,30,0,3
"931",3,27,6,0,3
"932",15,18,3,0,3
"933",0,3,24,6,6
"934",3,3,12,15,6
"935",0,6,3,27,3
"936",3,0,33,3,0
"937",6,33,0,0,0
"938",0,0,3,15,21
"939",3,12,24,0,0
"940",9,27,3,0,0
"941",6,0,9,21,3
"942",3,12,21,3,0
"943",3,0,12,21,3
"944",3,27,6,3,0
"945",0,3,15,21,0
"946",18,12,9,0,0
"947",3,6,30,0,0
"948",3,3,30,3,0
"949",6,0,30,3,0
"950",6,24,9,0,0
"951",3,3,18,12,3
"952",18,6,9,3,3
"953",3,21,12,3,0
"954",3,3,12,15,6
"955",21,18,0,0,0
"956",3,0,27,9,0
"957",0,0,24,12,3
"958",3,0,18,6,12
"959",6,24,6,3,0
"960",12,24,3,0,0
"961",27,9,3,0,0
"962",3,0,33,3,0
"963",3,0,27,6,3
"964",3,15,6,9,6
"965",9,21,9,0,0
"966",3,30,6,0,0
"967",6,3,27,0,3
"968",3,30,3,0,3
"969",6,21,3,3,6
"970",0,6,15,15,3
"971",0,12,24,3,0
"972",3,0,27,3,6
"973",3,3,15,15,3
"974",3,24,12,0,0
"975",3,30,6,0,0
"976",6,24,6,0,3
"977",3,3,6,21,6
"978",6,24,3,3,3
"979",6,0,30,0,3
"980",3,9,18,6,3
"981",3,3,30,0,3
"982",3,21,12,0,3
"983",3,33,3,0,0
"984",3,0,15,18,3
"985",3,3,12,15,6
"986",0,9,27,3,0
"987",3,0,18,15,3
"988",3,0,33,0,3
"989",6,0,30,0,3
"990",3,0,18,15,3
"991",0,3,3,33,0
"992",15,24,0,0,0
"993",6,24,3,3,3
"994",3,0,24,9,3
"995",6,3,27,3,0
"996",9,0,3,12,15
"997",3,21,15,0,0
"998",18,15,3,0,3
"999",6,0,12,21,0
"1000",18,15,3,0,3
"1001",3,12,24,0,0
"1002",3,6,24,3,3
"1003",3,12,15,9,0
"1004",3,3,12,21,0
"1005",6,30,3,0,0
"1006",6,12,15,3,3
"1007",3,30,6,0,0
"1008",21,12,6,0,0
"1009",0,21,9,6,3
"1010",18,15,3,3,0
"1011",6,27,6,0,0
"1012",9,24,3,3,0
"1013",6,3,0,0,0
"1014",3,3,21,12,0
"1015",12,3,24,0,0
"1016",6,15,15,0,3
"1017",21,6,3,9,0
"1018",12,0,21,6,0
"1019",3,9,12,12,3
"1020",6,9,15,3,6
"1021",3,6,27,3,0
"1022",0,3,30,6,0
"1023",6,12,15,6,0
"1024",6,9,24,0,0
"1025",21,9,0,3,6
"1026",3,0,30,3,3
"1027",6,0,30,3,0
"1028",3,6,27,3,0
"1029",6,24,9,0,0
"1030",6,6,27,0,0
"1031",12,15,12,0,0
"1032",15,18,3,0,3
"1033",9,9,18,3,0
"1034",3,3,30,0,3
"1035",3,3,15,15,3
"1036",9,24,3,0,3
"1037",3,6,30,0,0
"1038",24,9,6,0,0
"1039",3,24,9,3,0
"1040",6,18,12,0,3
"1041",0,3,9,15,12
"1042",6,3,27,0,3
"1043",0,9,30,0,0
"1044",3,9,15,9,3
"1045",3,3,18,12,3
"1046",3,0,33,0,3
"1047",3,0,30,3,3
"1048",6,3,3,0,0
"1049",24,3,6,0,6
"1050",3,3,12,18,3
"1051",0,3,30,3,3
"1052",3,0,30,3,3
"1053",9,12,18,0,0
"1054",3,3,18,15,0
"1055",3,3,33,0,0
"1056",3,3,30,0,3
"1057",3,0,21,9,6
"1058",18,15,6,0,0
"1059",6,21,12,0,0
"1060",3,6,18,12,0
"1061",3,6,24,3,3
"1062",27,3,6,3,0
"1063",12,0,24,0,3
"1064",3,6,27,3,0
"1065",12,3,6,15,3
"1066",9,3,24,0,3
"1067",0,0,24,15,0
"1068",3,0,30,6,0
"1069",6,27,3,0,3
"1070",12,18,9,0,0
"1071",0,3,0,27,9
"1072",9,21,3,0,6
"1073",3,6,24,6,0
"1074",3,30,6,0,0
"1075",3,9,6,18,3
"1076",3,18,18,0,0
"1077",6,0,6,24,3
"1078",6,3,21,6,3
"1079",6,12,3,18,0
"1080",9,15,15,0,0
"1081",3,0,33,0,3
"1082",0,3,24,12,0
"1083",3,0,24,12,0
"1084",3,3,30,3,0
"1085",3,3,33,0,0
"1086",3,0,24,12,0
"1087",3,6,24,6,0
"1088",9,12,18,0,0
"1089",24,6,6,0,3
"1090",0,3,9,21,6
"1091",27,6,0,0,6
"1092",9,15,15,0,0
"1093",0,3,0,36,0
"1094",3,6,27,0,3
"1095",0,0,33,3,3
"1096",0,9,30,0,0
"1097",0,3,18,15,3
"1098",3,0,18,9,9
"1099",0,0,30,6,3
"1100",0,0,21,6,12
"1101",6,3,24,3,3
"1102",6,0,27,6,0
"1103",3,0,18,15,3
"1104",3,0,18,15,3
"1105",6,6,24,3,0
"1106",0,6,18,9,6
"1107",3,3,24,3,6
"1108",6,21,9,0,3
"1109",3,3,15,12,6
"1110",6,27,6,0,0
"1111",3,6,18,12,0
"1112",6,3,3,24,3
"1113",15,3,21,0,0
"1114",3,21,12,3,0
"1115",6,15,9,3,6
"1116",0,3,18,9,9
"1117",0,3,21,12,3
"1118",27,9,3,0,0
"1119",6,3,21,0,9
"1120",3,18,12,0,6
"1121",3,6,27,3,0
"1122",3,0,12,12,12
"1123",3,36,0,0,0
"1124",6,18,6,6,3
"1125",6,27,3,3,0
"1126",12,21,3,0,3
"1127",0,6,12,21,0
"1128",6,27,3,0,3
"1129",3,0,18,9,9
"1130",0,6,27,6,0
"1131",6,3,18,12,0
"1132",3,6,27,3,0
"1133",3,0,6,27,3
"1134",6,0,21,6,6
"1135",6,15,12,3,3
"1136",3,12,15,6,3
"1137",3,12,12,9,3
"1138",15,21,0,3,0
"1139",6,9,24,0,0
"1140",12,9,18,0,0
"1141",6,27,3,0,3
"1142",3,3,18,15,0
"1143",6,15,12,6,0
"1144",6,0,15,15,3
"1145",6,9,21,3,0
"1146",3,21,15,0,0
"1147",15,3,15,6,0
"1148",6,30,3,0,0
"1149",3,33,3,0,0
"1150",24,3,9,3,0
"1151",6,33,0,0,0
"1152",21,12,6,0,0
"1153",6,33,0,0,0
"1154",30,6,3,0,0
"1155",0,3,3,21,12
"1156",3,0,15,15,6
"1157",3,24,9,3,0
"1158",6,0,12,21,0
"1159",9,0,21,6,3
"1160",6,0,12,21,0
"1161",6,24,6,0,3
"1162",0,6,15,18,0
"1163",0,12,15,9,3
"1164",6,21,12,0,0
"1165",27,0,6,6,0
"1166",6,12,18,0,3
"1167",0,3,21,12,3
"1168",9,27,3,0,0
"1169",3,3,3,21,9
"1170",6,6,27,0,0
"1171",3,3,33,0,0
"1172",3,27,9,0,0
"1173",0,12,21,3,3
"1174",3,3,3,21,9
"1175",3,0,21,12,3
"1176",6,21,12,0,0
"1177",6,0,33,0,0
"1178",3,0,24,9,3
"1179",3,12,21,3,0
"1180",3,6,18,12,0
"1181",6,9,24,0,0
"1182",3,9,27,0,0
"1183",0,0,12,24,3
"1184",3,6,30,0,0
"1185",3,3,21,9,3
"1186",0,6,18,12,3
"1187",3,0,33,0,3
"1188",3,0,15,18,3
"1189",3,24,9,0,3
"1190",6,30,3,0,0
"1191",3,3,15,15,3
"1192",3,6,27,3,0
"1193",3,3,18,15,0
"1194",3,0,36,0,0
"1195",3,3,33,0,0
"1196",12,3,3,0,0
"1197",3,3,9,12,12
"1198",12,18,3,3,3
"1199",6,27,6,0,0
"1200",3,3,18,6,9
"1201",0,3,3,27,6
"1202",9,3,18,6,3
"1203",3,30,6,0,0
"1204",6,15,12,6,0
"1205",3,15,15,6,0
"1206",6,15,12,6,0
"1207",0,3,6,24,6
"1208",9,21,3,6,0
"1209",15,12,6,3,3
"1210",6,6,27,0,0
"1211",12,21,3,3,0
"1212",3,9,27,0,0
"1213",6,3,30,0,0
"1214",15,12,12,0,0
"1215",6,15,12,3,3
"1216",6,6,15,3,9
"1217",3,6,18,6,6
"1218",6,3,30,0,0
"1219",3,3,18,12,3
"1220",12,21,6,0,0
"1221",3,3,21,9,3
"1222",6,30,3,0,0
"1223",0,0,6,18,15
"1224",0,3,6,12,18
"1225",0,18,15,6,0
"1226",0,3,0,30,6
"1227",6,24,6,0,3
"1228",3,6,24,3,3
"1229",9,18,6,0,6
"1230",6,3,15,6,9
"1231",3,27,6,3,0
"1232",6,9,21,3,0
"1233",0,3,12,24,0
"1234",0,6,0,30,3
"1235",0,3,12,18,6
"1236",21,18,0,0,0
"1237",3,6,27,3,0
"1238",3,3,0,30,3
"1239",6,24,3,6,0
"1240",0,6,9,24,0
"1241",3,0,3,24,9
"1242",12,3,21,0,3
"1243",6,21,12,0,0
"1244",9,18,6,6,0
"1245",18,9,9,0,3
"1246",9,30,0,0,0
"1247",3,3,24,9,0
"1248",3,18,15,0,3
"1249",3,0,9,3,24
"1250",3,3,27,6,0
"1251",3,24,9,3,0
"1252",3,0,12,18,6
"1253",0,3,30,3,3
"1254",6,6,27,0,0
"1255",0,3,12,18,6
"1256",6,0,27,3,3
"1257",6,6,27,0,0
"1258",3,0,3,18,15
"1259",21,9,0,0,0
"1260",3,0,27,0,9
"1261",6,27,3,3,0
"1262",3,3,15,15,3
"1263",3,3,12,18,3
"1264",3,3,21,12,0
"1265",3,3,30,0,3
"1266",0,3,15,15,6
"1267",0,3,12,21,3
"1268",3,30,3,0,3
"1269",6,0,27,3,3
"1270",3,24,9,3,0
"1271",0,3,12,15,9
"1272",3,9,24,3,0
"1273",3,18,15,0,3
"1274",3,3,33,0,0
"1275",6,3,27,3,0
"1276",3,3,6,24,3
"1277",6,9,21,0,3
"1278",6,6,24,0,3
"1279",3,3,30,3,0
"1280",9,24,6,0,0
"1281",6,24,6,3,0
"1282",3,3,27,0,6
"1283",0,6,0,27,6
"1284",6,9,21,3,0
"1285",3,6,24,0,6
"1286",3,3,0,18,15
"1287",6,3,24,3,3
"1288",24,6,3,3,3
"1289",6,9,24,0,0
"1290",0,3,3,24,9
"1291",3,3,3,18,12
"1292",3,27,3,3,3
"1293",6,0,9,21,3
"1294",0,3,21,9,6
"1295",24,9,3,3,0
"1296",6,21,12,0,0
"1297",3,18,12,6,0
"1298",6,24,9,0,0
"1299",0,9,30,0,0
"1300",6,9,21,0,3
"1301",0,21,18,0,0
"1302",6,21,6,6,0
"1303",6,0,27,3,3
"1304",3,3,30,3,0
"1305",3,0,6,18,12
"1306",3,6,18,6,6
"1307",3,12,24,0,0
"1308",3,0,9,15,12
"1309",3,3,15,15,3
"1310",9,3,24,3,0
"1311",15,21,3,0,0
"1312",3,3,9,15,9
"1313",3,0,30,3,3
"1314",0,3,33,3,0
"1315",9,30,0,0,0
"1316",3,0,27,6,3
"1317",0,3,3,21,12
"1318",3,15,18,3,0
"1319",6,0,3,27,3
"1320",6,15,9,3,6
"1321",3,3,3,3,27
"1322",3,3,30,0,3
"1323",9,0,30,0,0
"1324",6,27,0,3,3
"1325",6,3,30,0,0
"1326",3,3,24,9,0
"1327",3,6,27,3,0
"1328",3,0,33,3,0
"1329",3,6,3,12,15
"1330",3,30,3,3,0
"1331",6,24,0,3,6
"1332",12,3,21,0,3
"1333",6,6,12,12,3
"1334",6,6,21,3,3
"1335",0,6,3,9,21
"1336",12,6,21,0,0
"1337",6,3,21,3,6
"1338",3,6,18,9,3
"1339",6,15,12,3,3
"1340",3,3,12,9,12
"1341",0,3,9,27,0
"1342",33,6,0,0,0
"1343",3,18,9,9,0
"1344",3,3,30,3,0
"1345",3,30,6,0,0
"1346",6,6,24,3,0
"1347",6,0,15,18,0
"1348",6,9,21,0,3
"1349",27,6,3,3,0
"1350",6,12,12,3,6
"1351",21,15,3,0,0
"1352",0,9,27,0,3
"1353",9,0,27,0,3
"1354",6,0,27,3,3
"1355",6,3,27,0,3
"1356",3,21,15,0,0
"1357",0,9,15,3,12
"1358",3,24,6,3,3
"1359",0,3,3,30,3
"1360",6,0,21,12,0
"1361",9,15,9,6,0
"1362",3,6,24,3,3
"1363",15,21,3,0,0
"1364",0,12,24,0,3
"1365",6,21,9,3,0
"1366",15,0,0,3,0
"1367",12,12,12,3,0
"1368",6,3,27,0,3
"1369",12,18,3,0,6
"1370",3,3,30,3,0
"1371",6,6,18,3,6
"1372",3,3,18,12,3
"1373",0,6,27,3,3
"1374",6,3,24,3,3
"1375",9,21,9,0,0
"1376",3,3,6,21,6
"1377",9,21,6,0,3
"1378",0,6,21,9,3
"1379",12,21,3,3,0
"1380",3,21,9,3,3
"1381",0,30,6,0,3
"1382",3,6,27,3,0
"1383",6,3,30,0,0
"1384",3,3,9,24,0
"1385",0,3,3,21,12
"1386",6,9,9,6,9
"1387",3,6,27,0,3
"1388",3,3,21,9,3
"1389",15,21,3,0,0
"1390",3,0,21,12,3
"1391",15,12,9,3,0
"1392",30,6,3,0,0
"1393",6,3,12,18,0
"1394",6,24,6,3,0
"1395",6,3,30,0,0
"1396",27,3,6,3,0
"1397",9,18,12,0,0
"1398",3,3,21,9,3
"1399",6,18,15,0,0
"1400",6,0,6,24,3
"1401",6,3,27,0,3
"1402",3,12,15,9,0
"1403",9,0,30,0,0
"1404",3,9,3,15,9
"1405",9,3,24,3,0
"1406",3,0,12,9,15
"1407",3,3,30,3,0
"1408",9,18,6,3,3
"1409",6,0,21,9,3
"1410",3,3,9,24,0
"1411",3,3,33,0,0
"1412",0,6,33,0,0
"1413",9,12,18,0,0
"1414",3,0,21,9,6
"1415",6,30,0,3,0
"1416",6,3,24,3,3
"1417",3,12,21,3,0
"1418",3,0,24,0,12
"1419",9,21,9,0,0
"1420",3,12,24,0,0
"1421",6,21,12,0,0
"1422",3,21,12,3,0
"1423",0,3,9,0,27
"1424",6,6,21,3,3
"1425",3,15,21,0,0
"1426",3,3,9,24,0
"1427",0,3,27,6,3
"1428",0,6,6,18,9
"1429",3,6,27,3,0
"1430",0,3,9,21,6
"1431",6,24,3,6,0
"1432",3,30,3,0,3
"1433",3,3,30,0,3
"1434",3,18,15,3,0
"1435",15,6,18,0,0
"1436",12,3,21,3,0
"1437",6,24,9,0,0
"1438",3,3,0,30,3
"1439",6,30,3,0,0
"1440",6,21,9,0,3
"1441",27,9,0,3,0
"1442",3,30,6,0,0
"1443",6,0,6,27,0
"1444",3,3,18,12,3
"1445",6,30,3,0,0
"1446",12,21,6,0,0
"1447",6,18,12,3,0
"1448",3,0,12,24,0
"1449",0,3,21,9,6
"1450",3,3,30,3,0
"1451",3,0,21,12,3
"1452",9,6,24,0,0
"1453",3,0,15,15,6
"1454",6,3,30,0,0
"1455",6,12,9,6,6
"1456",12,21,3,0,3
"1457",3,15,12,6,3
"1458",0,0,6,27,6
"1459",6,18,12,3,0
"1460",3,0,12,18,6
"1461",12,18,3,0,6
"1462",6,3,27,0,3
"1463",0,3,3,9,24
"1464",18,9,12,0,0
"1465",3,6,24,3,3
"1466",6,27,3,3,0
"1467",6,6,6,18,3
"1468",0,0,18,18,3
"1469",21,9,3,3,3
"1470",3,6,15,6,9
"1471",3,3,12,21,0
"1472",6,3,12,3,15
"1473",0,0,21,12,6
"1474",3,3,6,6,21
"1475",6,12,18,0,3
"1476",15,6,15,0,3
"1477",9,6,15,6,3
"1478",6,0,30,3,0
"1479",6,0,6,21,6
"1480",6,6,21,3,3
"1481",0,6,24,9,0
"1482",21,15,3,0,0
"1483",3,27,3,3,3
"1484",0,3,24,12,0
"1485",21,18,0,0,0
"1486",3,18,12,3,3
"1487",0,0,12,18,9
"1488",3,3,15,15,3
"1489",0,6,24,9,0
"1490",3,6,21,6,3
"1491",0,3,24,12,0
"1492",3,3,18,9,6
"1493",3,0,27,6,3
"1494",0,9,9,15,6
"1495",6,27,0,3,3
"1496",3,6,30,0,0
"1497",6,9,24,0,0
"1498",3,0,27,9,0
"1499",3,0,24,12,0
"1500",3,6,9,21,0
"1501",21,9,3,3,3
"1502",12,3,6,0,0
"1503",0,3,3,15,18
"1504",6,21,3,3,6
"1505",12,0,24,3,0
"1506",3,6,27,3,0
"1507",6,27,3,3,0
"1508",21,15,3,0,0
"1509",6,6,21,3,3
"1510",6,15,18,0,0
"1511",6,6,27,0,0
"1512",24,12,3,0,0
"1513",12,21,3,3,0
"1514",3,18,15,0,3
"1515",3,0,33,3,0
"1516",0,9,27,3,0
"1517",6,18,12,3,0
"1518",3,12,21,0,3
"1519",3,3,9,21,3
"1520",9,3,21,6,0
"1521",6,0,3,30,0
"1522",3,6,27,0,3
"1523",6,0,12,9,12
"1524",3,3,3,15,15
"1525",6,3,21,3,6
"1526",9,24,3,3,0
"1527",0,6,21,9,3
"1528",0,0,12,12,15
"1529",0,3,18,15,3
"1530",0,3,18,15,3
"1531",3,9,24,0,3
"1532",9,27,3,0,0
"1533",9,3,27,0,0
"1534",3,27,6,3,0
"1535",3,3,15,12,6
"1536",6,30,3,0,0
"1537",3,27,6,3,0
"1538",0,3,3,21,12
"1539",0,12,21,6,0
"1540",3,6,18,9,3
"1541",0,3,12,12,12
"1542",3,0,24,6,6
"1543",3,0,36,0,0
"1544",0,6,21,6,6
"1545",3,9,18,6,3
"1546",6,6,27,0,0
"1547",3,0,21,15,0
"1548",3,3,15,12,6
"1549",3,6,3,27,0
"1550",6,3,24,3,3
"1551",0,3,3,21,12
"1552",6,6,24,3,0
"1553",3,3,3,18,12
"1554",15,12,12,0,0
"1555",6,3,27,0,3
"1556",12,0,24,3,0
"1557",6,24,3,3,3
"1558",0,3,9,12,15
"1559",6,6,24,0,3
"1560",3,12,24,0,0
"1561",6,0,15,18,0
"1562",6,6,18,6,3
"1563",0,33,3,3,0
"1564",6,0,21,3,9
"1565",3,3,30,3,0
"1566",3,3,3,12,18
"1567",18,15,3,0,3
"1568",0,3,9,21,6
"1569",9,0,27,0,3
"1570",6,0,27,3,3
"1571",6,0,3,18,12
"1572",3,9,18,6,3
"1573",3,3,15,18,0
"1574",3,15,18,3,0
"1575",0,3,18,9,9
"1576",6,27,3,0,3
"1577",0,3,27,3,6
"1578",15,18,6,0,0
"1579",3,6,21,9,0
"1580",3,0,15,18,3
"1581",3,12,24,0,0
"1582",3,3,30,0,3
"1583",3,6,24,6,0
"1584",0,9,3,21,6
"1585",3,0,18,18,0
"1586",15,9,9,6,0
"1587",6,0,30,0,3
"1588",0,6,30,0,3
"1589",3,0,6,24,6
"1590",6,18,15,0,0
"1591",0,0,33,3,3
"1592",3,3,24,6,3
"1593",6,6,27,0,0
"1594",33,0,6,0,0
"1595",12,9,15,0,3
"1596",6,9,18,3,3
"1597",6,0,27,6,0
"1598",6,18,15,0,0
"1599",3,0,24,9,3
"1600",3,6,9,21,0
"1601",3,18,9,6,3
"1602",3,6,18,0,12
"1603",0,3,6,24,6
"1604",6,0,15,15,3
"1605",3,6,27,0,3
"1606",6,3,21,9,0
"1607",3,0,33,3,0
"1608",24,9,6,0,0
"1609",6,9,24,0,0
"1610",3,3,24,6,3
"1611",6,0,21,6,6
"1612",12,18,3,3,3
"1613",3,3,18,9,6
"1614",21,6,6,0,6
"1615",12,6,18,3,0
"1616",24,9,0,3,3
"1617",24,9,3,3,0
"1618",6,0,21,9,3
"1619",6,3,27,3,0
"1620",6,6,21,3,3
"1621",3,6,6,6,18
"1622",6,9,21,0,3
"1623",3,0,33,0,3
"1624",18,18,3,0,0
"1625",12,3,21,0,3
"1626",18,12,0,0,9
"1627",3,3,15,15,3
"1628",6,3,15,15,0
"1629",6,0,3,24,6
"1630",3,0,21,9,6
"1631",3,0,6,27,3
"1632",21,9,6,3,0
"1633",3,0,33,3,0
"1634",15,9,12,0,3
"1635",24,9,6,0,0
"1636",33,3,3,0,0
"1637",3,27,6,3,0
"1638",6,0,15,15,3
"1639",15,18,3,3,0
"1640",0,0,6,24,9
"1641",3,24,9,0,3
"1642",0,6,3,18,12
"1643",6,27,3,0,3
"1644",15,15,6,3,0
"1645",0,3,36,0,0
"1646",6,0,30,3,0
"1647",6,3,24,6,0
"1648",6,0,27,6,0
"1649",3,3,33,0,0
"1650",9,6,24,0,0
"1651",9,27,3,0,0
"1652",3,18,12,6,0
"1653",6,21,12,0,0
"1654",0,3,24,9,3
"1655",6,30,0,3,0
"1656",9,12,9,3,6
"1657",6,12,18,3,0
"1658",6,27,3,3,0
"1659",3,0,6,30,0
"1660",6,9,21,3,0
"1661",0,3,18,12,6
"1662",3,18,15,0,3
"1663",12,0,21,3,3
"1664",3,3,9,24,0
"1665",3,6,9,18,3
"1666",3,3,30,0,3
"1667",6,9,21,3,0
"1668",0,6,21,6,6
"1669",0,3,33,3,0
"1670",0,3,15,18,3
"1671",3,3,21,12,0
"1672",0,0,27,9,3
"1673",3,3,9,24,0
"1674",0,6,18,15,0
"1675",0,6,0,27,6
"1676",0,0,18,18,3
"1677",18,15,3,0,3
"1678",21,12,0,3,3
"1679",30,9,0,0,0
"1680",6,6,24,0,3
"1681",3,0,9,12,15
"1682",3,3,21,3,9
"1683",3,3,6,21,6
"1684",9,15,12,0,3
"1685",0,12,3,9,15
"1686",3,6,18,6,6
"1687",0,3,27,9,0
"1688",3,21,3,12,0
"1689",6,21,6,6,0
"1690",0,3,30,3,3
"1691",0,3,30,3,3
"1692",3,27,9,0,0
"1693",3,0,21,12,3
"1694",12,18,3,3,3
"1695",15,21,3,0,0
"1696",3,0,21,9,6
"1697",3,18,15,0,3
"1698",0,3,18,18,0
"1699",30,6,3,0,0
"1700",3,6,12,15,3
"1701",3,15,21,0,0
"1702",6,0,15,12,6
"1703",3,15,15,3,3
"1704",18,15,3,0,3
"1705",6,15,18,0,0
"1706",0,3,3,33,0
"1707",9,3,0,3,0
"1708",3,9,15,12,0
"1709",3,21,9,6,0
"1710",6,0,30,3,0
"1711",0,6,6,15,12
"1712",12,24,0,3,0
"1713",6,21,12,0,0
"1714",3,18,9,6,3
"1715",3,6,18,12,0
"1716",3,0,27,6,3
"1717",9,24,6,0,0
"1718",3,24,9,3,0
"1719",3,3,18,15,0
"1720",6,0,27,3,3
"1721",3,9,24,0,3
"1722",3,3,0,30,3
"1723",3,0,3,24,9
"1724",9,30,0,0,0
"1725",6,0,18,9,6
"1726",3,18,6,6,6
"1727",9,30,0,0,0
"1728",3,3,9,21,3
"1729",18,18,3,0,0
"1730",0,3,9,9,18
"1731",0,12,9,6,12
"1732",6,3,24,0,6
"1733",3,3,30,3,0
"1734",0,3,15,15,6
"1735",0,6,3,21,9
"1736",0,36,0,3,0
"1737",6,3,27,3,0
"1738",21,9,3,3,3
"1739",3,15,18,0,3
"1740",3,3,0,9,24
"1741",15,21,3,0,0
"1742",3,3,18,15,0
"1743",3,0,27,3,6
"1744",0,12,27,0,0
"1745",3,0,30,3,3
"1746",3,3,3,27,3
"1747",15,3,18,0,3
"1748",3,9,24,3,0
"1749",24,9,6,0,0
"1750",0,6,6,15,12
"1751",3,3,27,3,3
"1752",6,18,12,3,0
"1753",3,0,27,3,6
"1754",30,3,3,3,0
"1755",3,0,3,15,18
"1756",3,0,6,9,21
"1757",6,9,21,3,0
"1758",9,18,9,3,0
"1759",0,6,21,12,0
"1760",6,0,15,12,6
"1761",12,21,3,3,0
"1762",3,3,27,3,3
"1763",9,21,6,0,3
"1764",12,18,6,3,0
"1765",9,3,0,15,12
"1766",6,3,27,0,3
"1767",0,18,18,0,3
"1768",21,12,3,3,0
"1769",21,12,3,3,0
"1770",9,6,18,6,0
"1771",0,0,24,6,9
"1772",18,12,3,0,6
"1773",6,6,21,3,3
"1774",6,12,18,3,0
"1775",3,3,24,3,6
"1776",6,3,24,6,0
"1777",15,18,6,0,0
"1778",9,3,9,18,0
"1779",0,6,21,6,6
"1780",9,3,18,9,0
"1781",3,9,21,0,6
"1782",9,0,12,15,3
"1783",3,3,33,0,0
"1784",6,30,3,0,0
"1785",3,3,24,6,3
"1786",24,6,6,0,3
"1787",0,12,24,0,3
"1788",9,3,21,6,0
"1789",3,3,3,18,12
"1790",9,18,9,0,3
"1791",0,3,21,3,12
"1792",3,0,6,0,30
"1793",6,12,18,3,0
"1794",9,3,27,0,0
"1795",6,3,30,0,0
"1796",0,6,18,6,9
"1797",0,6,15,6,12
"1798",0,9,21,9,0
"1799",6,0,27,6,0
"1800",3,24,9,0,3
"1801",0,3,30,3,3
"1802",9,18,9,0,3
"1803",0,6,33,0,0
"1804",3,0,30,6,0
"1805",6,6,21,3,3
"1806",9,15,12,0,3
"1807",6,0,27,3,3
"1808",3,3,30,0,3
"1809",6,27,3,0,3
"1810",3,24,9,0,3
"1811",3,6,27,0,3
"1812",6,6,24,0,3
"1813",9,15,12,0,3
"1814",3,0,18,6,12
"1815",3,3,15,18,0
"1816",30,3,0,3,3
"1817",3,0,33,3,0
"1818",6,27,3,3,0
"1819",3,3,18,15,0
"1820",0,3,21,12,3
"1821",6,18,12,3,0
"1822",3,0,24,9,3
"1823",0,30,9,0,0
"1824",6,27,3,0,3
"1825",12,0,3,15,9
"1826",6,0,9,24,0
"1827",6,12,18,3,0
"1828",0,9,30,0,0
"1829",3,0,18,12,6
"1830",12,27,0,0,0
"1831",0,3,6,12,18
"1832",3,3,24,9,0
"1833",9,21,9,0,0
"1834",6,30,3,0,0
"1835",3,3,30,0,3
"1836",6,3,9,12,9
"1837",12,9,18,0,0
"1838",6,3,15,9,6
"1839",6,0,18,6,9
"1840",3,30,3,3,0
"1841",6,3,27,3,0
"1842",3,0,30,3,3
"1843",0,3,12,12,12
"1844",12,6,18,0,3
"1845",6,3,21,3,6
"1846",6,3,27,3,0
"1847",12,27,0,0,0
"1848",3,0,6,15,15
"1849",0,6,30,0,3
"1850",3,30,6,0,0
"1851",6,12,21,0,0
"1852",3,0,27,9,0
"1853",6,6,18,6,3
"1854",0,12,21,3,3
"1855",12,0,21,6,0
"1856",12,12,9,6,0
"1857",3,3,30,3,0
"1858",12,3,24,0,0
"1859",0,3,18,15,3
"1860",33,6,0,0,0
"1861",6,3,6,15,9
"1862",18,12,6,3,0
"1863",3,21,15,0,0
"1864",0,6,27,6,0
"1865",9,9,18,3,0
"1866",0,6,9,15,9
"1867",6,27,6,0,0
"1868",24,15,0,0,0
"1869",0,3,15,18,3
"1870",0,3,18,15,3
"1871",15,6,15,3,0
"1872",3,0,24,12,0
"1873",3,6,27,3,0
"1874",33,0,6,0,0
"1875",30,0,3,0,6
"1876",18,18,0,0,3
"1877",6,27,6,0,0
"1878",6,3,9,15,6
"1879",6,27,3,0,3
"1880",9,21,6,0,3
"1881",9,30,0,0,0
"1882",3,3,27,3,3
"1883",3,27,6,0,3
"1884",0,3,3,15,18
"1885",0,6,18,15,0
"1886",12,24,3,0,0
"1887",6,6,21,6,0
"1888",6,9,24,0,0
"1889",24,6,9,0,0
"1890",15,6,15,3,0
"1891",3,0,33,0,3
"1892",27,9,3,0,0
"1893",0,6,30,3,0
"1894",6,3,27,0,3
"1895",0,3,6,9,21
"1896",6,9,24,0,0
"1897",3,0,15,15,6
"1898",3,9,15,9,3
"1899",3,6,24,6,0
"1900",3,15,21,0,0
"1901",3,0,6,21,9
"1902",6,0,21,6,6
"1903",3,6,0,9,21
"1904",0,27,6,0,6
"1905",0,6,6,24,3
"1906",6,27,6,0,0
"1907",3,0,30,3,3
"1908",12,18,9,0,0
"1909",9,27,0,3,0
"1910",6,0,15,9,9
"1911",9,24,6,0,0
"1912",6,0,6,24,3
"1913",6,24,9,0,0
"1914",6,9,21,0,3
"1915",6,3,6,12,12
"1916",3,0,21,12,3
"1917",18,18,0,0,3
"1918",6,3,15,15,0
"1919",6,27,6,0,0
"1920",21,12,6,0,0
"1921",0,6,6,18,9
"1922",6,0,27,6,0
"1923",0,3,3,27,6
"1924",18,18,3,0,0
"1925",0,6,27,6,0
"1926",24,3,6,3,3
"1927",3,24,9,3,0
"1928",6,6,12,9,6
"1929",3,3,27,6,0
"1930",9,3,24,0,3
"1931",3,3,30,0,3
"1932",3,3,3,24,6
"1933",0,3,18,9,9
"1934",6,33,0,0,0
"1935",12,12,12,3,0
"1936",3,3,21,3,9
"1937",0,3,15,21,0
"1938",15,24,0,0,0
"1939",3,3,30,0,3
"1940",3,6,21,6,3
"1941",9,3,15,9,3
"1942",6,3,12,18,0
"1943",0,36,0,0,3
"1944",0,0,24,9,6
"1945",3,0,18,15,3
"1946",3,12,21,3,0
"1947",9,24,3,3,0
"1948",9,12,18,0,0
"1949",3,0,12,15,9
"1950",6,0,15,12,6
"1951",3,6,21,9,0
"1952",3,3,3,30,0
"1953",24,3,9,3,0
"1954",3,0,24,6,6
"1955",6,3,3,18,9
"1956",12,24,3,0,0
"1957",3,30,3,3,0
"1958",3,0,21,9,6
"1959",6,18,12,3,0
"1960",12,18,6,3,0
"1961",0,6,15,3,15
"1962",3,3,15,9,9
"1963",6,0,27,3,3
"1964",6,0,15,9,9
"1965",18,9,3,0,0
"1966",15,9,12,0,3
"1967",9,12,15,3,0
"1968",3,3,27,6,0
"1969",6,6,27,0,0
"1970",3,15,12,3,6
"1971",0,0,18,9,12
"1972",3,0,33,3,0
"1973",15,6,15,0,3
"1974",6,3,27,3,0
"1975",3,0,12,9,15
"1976",3,27,9,0,0
"1977",9,24,6,0,0
"1978",3,6,3,18,9
"1979",6,0,21,6,6
"1980",3,21,12,3,0
"1981",3,0,3,30,3
"1982",6,24,3,6,0
"1983",3,0,27,6,3
"1984",3,0,33,3,0
"1985",3,3,18,15,0
"1986",12,24,3,0,0
"1987",3,3,9,21,3
"1988",0,6,9,9,15
"1989",3,33,3,0,0
"1990",0,0,12,21,6
"1991",15,21,3,0,0
"1992",3,0,18,6,12
"1993",6,27,6,0,0
"1994",6,30,3,0,0
"1995",3,0,36,0,0
"1996",3,24,9,0,3
"1997",6,6,27,0,0
"1998",9,15,12,0,3
"1999",6,3,21,3,6
"2000",6,3,6,15,9
"2001",3,6,6,24,0
"2002",9,6,15,6,3
"2003",6,30,0,3,0
"2004",9,21,9,0,0
"2005",3,6,21,6,3
"2006",15,18,0,3,3
"2007",6,9,24,0,0
"2008",0,0,12,15,12
"2009",3,3,30,3,0
"2010",9,27,3,0,0
"2011",3,3,18,15,0
"2012",9,3,15,9,3
"2013",3,0,21,12,3
"2014",6,0,33,0,0
"2015",9,9,18,3,0
"2016",0,9,3,24,3
"2017",0,6,27,6,0
"2018",6,0,6,24,3
"2019",3,0,36,0,0
"2020",12,12,12,0,3
"2021",12,3,18,3,3
"2022",3,0,9,24,3
"2023",6,0,33,0,0
"2024",9,0,21,9,0
"2025",9,21,6,0,3
"2026",6,3,15,15,0
"2027",0,3,21,15,0
"2028",6,6,27,0,0
"2029",12,24,3,0,0
"2030",9,9,18,0,3
"2031",24,12,3,0,0
"2032",9,3,24,3,0
"2033",3,9,15,9,3
"2034",6,21,12,0,0
"2035",6,0,9,21,3
"2036",15,21,3,0,0
"2037",3,6,27,3,0
"2038",9,21,6,3,0
"2039",3,3,30,3,0
"2040",6,27,3,3,0
"2041",9,0,12,12,6
"2042",3,0,30,0,6
"2043",3,0,18,6,12
"2044",0,12,12,12,3
"2045",3,3,27,3,3
"2046",3,3,27,0,6
"2047",3,0,30,3,3
"2048",9,3,21,3,3
"2049",3,3,30,3,0
"2050",0,3,6,24,6
"2051",0,3,0,30,6
"2052",3,6,30,0,0
"2053",6,9,24,0,0
"2054",3,12,21,3,0
"2055",0,9,3,9,18
"2056",3,3,0,33,0
"2057",6,9,15,3,6
"2058",6,0,15,15,3
"2059",3,9,3,24,0
"2060",15,18,6,0,0
"2061",3,6,18,12,0
"2062",6,18,9,6,0
"2063",6,24,6,0,3
"2064",0,6,3,15,15
"2065",3,3,21,12,0
"2066",6,3,27,3,0
"2067",3,3,18,9,6
"2068",18,18,0,0,3
"2069",0,3,18,18,0
"2070",0,0,21,9,9
"2071",6,18,15,0,0
"2072",3,3,9,21,3
"2073",6,0,30,3,0
"2074",9,15,6,6,3
"2075",18,3,15,0,3
"2076",9,27,3,0,0
"2077",9,24,3,3,0
"2078",6,12,12,9,0
"2079",3,21,12,3,0
"2080",0,9,24,6,0
"2081",0,3,27,9,0
"2082",9,6,21,3,0
"2083",3,3,18,12,3
"2084",3,3,30,3,0
"2085",6,3,27,3,0
"2086",0,33,3,0,3
"2087",3,3,24,9,0
"2088",30,0,6,3,0
"2089",12,27,0,0,0
"2090",6,0,30,0,3
"2091",0,3,30,3,3
"2092",9,24,3,0,3
"2093",3,6,12,15,3
"2094",0,3,21,9,6
"2095",3,0,18,15,3
"2096",6,6,21,6,0
"2097",27,12,0,0,0
"2098",3,3,27,3,3
"2099",6,27,3,3,0
"2100",6,3,9,15,6
"2101",0,0,3,18,18
"2102",12,6,18,3,0
"2103",3,30,0,3,3
"2104",3,6,30,0,0
"2105",9,0,9,18,3
"2106",12,12,12,3,0
"2107",9,9,18,3,0
"2108",0,0,30,6,3
"2109",3,12,21,0,3
"2110",0,3,6,15,15
"2111",3,0,12,15,9
"2112",18,12,3,6,0
"2113",6,0,33,0,0
"2114",6,3,24,0,6
"2115",0,0,9,15,15
"2116",9,21,9,0,0
"2117",3,3,27,6,0
"2118",9,27,3,0,0
"2119",12,18,9,0,0
"2120",6,0,27,6,0
"2121",27,3,3,3,3
"2122",0,3,18,9,9
"2123",21,15,0,3,0
"2124",3,6,24,3,3
"2125",6,3,6,21,3
"2126",12,3,18,3,3
"2127",9,12,18,0,0
"2128",6,0,21,12,0
"2129",12,6,21,0,0
"2130",9,3,24,0,3
"2131",6,3,15,9,6
"2132",9,0,27,3,0
"2133",6,3,27,3,0
"2134",15,15,6,3,0
"2135",15,15,6,0,3
"2136",6,12,15,6,0
"2137",0,6,27,3,3
"2138",3,15,21,0,0
"2139",3,30,3,0,3
"2140",3,0,33,0,3
"2141",21,18,0,0,0
"2142",18,15,3,3,0
"2143",3,0,33,3,0
"2144",0,9,21,9,0
"2145",3,3,30,3,0
"2146",3,0,12,21,3
"2147",0,6,15,12,6
"2148",3,27,6,3,0
"2149",3,3,21,9,3
"2150",9,18,9,3,0
"2151",0,9,9,21,0
"2152",6,3,18,9,3
"2153",3,6,24,6,0
"2154",6,0,18,12,3
"2155",18,15,3,3,0
"2156",3,3,12,18,3
"2157",15,12,12,0,0
"2158",6,3,18,9,3
"2159",6,0,3,21,9
"2160",3,6,30,0,0
"2161",6,0,18,9,6
"2162",6,21,12,0,0
"2163",0,6,3,21,9
"2164",6,30,3,0,0
"2165",6,9,21,3,0
"2166",3,0,12,9,15
"2167",6,3,24,6,0
"2168",9,6,24,0,0
"2169",21,9,6,3,0
"2170",3,6,18,12,0
"2171",0,12,27,0,0
"2172",0,15,21,3,0
"2173",15,0,18,3,3
"2174",6,6,24,3,0
"2175",0,6,3,24,6
"2176",0,3,27,9,0
"2177",3,3,0,24,9
"2178",15,6,12,3,3
"2179",3,0,18,18,0
"2180",3,3,6,15,12
"2181",3,12,18,6,0
"2182",12,15,9,0,3
"2183",0,6,27,6,0
"2184",12,9,12,3,3
"2185",0,3,0,15,21
"2186",3,9,21,3,3
"2187",9,21,9,0,0
"2188",0,3,36,0,0
"2189",0,33,0,3,3
"2190",3,0,27,9,0
"2191",6,0,30,3,0
"2192",24,12,0,3,0
"2193",3,0,12,24,0
"2194",6,21,9,3,0
"2195",0,6,30,0,3
"2196",3,33,0,3,0
"2197",9,3,12,12,3
"2198",0,3,6,27,3
"2199",6,30,0,3,0
"2200",6,6,24,3,0
"2201",0,3,3,21,12
"2202",6,0,18,15,0
"2203",6,3,24,6,0
"2204",9,15,12,0,3
"2205",3,15,18,0,3
"2206",3,12,9,15,0
"2207",3,21,9,6,0
"2208",3,0,21,15,0
"2209",0,3,12,21,3
"2210",12,12,9,0,6
"2211",6,18,12,0,3
"2212",18,12,6,3,0
"2213",3,3,30,0,3
"2214",9,18,12,0,0
"2215",3,9,27,0,0
"2216",0,6,18,12,3
"2217",21,9,0,0,0
"2218",0,6,21,12,0
"2219",3,6,27,0,3
"2220",9,27,3,0,0
"2221",3,3,30,0,3
"2222",6,3,27,3,0
"2223",0,0,33,6,0
"2224",6,27,3,0,3
"2225",3,0,27,6,3
"2226",12,12,12,0,3
"2227",6,0,21,3,9
"2228",3,6,9,12,9
"2229",3,6,27,3,0
"2230",33,0,6,0,0
"2231",3,6,27,0,3
"2232",9,24,3,3,0
"2233",6,9,21,3,0
"2234",6,12,21,0,0
"2235",18,15,3,0,3
"2236",27,3,6,0,3
"2237",3,24,6,6,0
"2238",0,3,30,6,0
"2239",0,0,30,9,0
"2240",3,3,9,9,15
"2241",6,24,9,0,0
"2242",6,3,30,0,0
"2243",6,30,3,0,0
"2244",15,15,9,0,0
"2245",0,0,27,3,9
"2246",0,18,18,3,0
"2247",6,9,21,0,3
"2248",12,18,6,3,0
"2249",3,6,30,0,0
"2250",3,3,30,3,0
"2251",15,15,6,3,0
"2252",9,0,30,0,0
"2253",0,18,18,3,0
"2254",3,0,24,12,0
"2255",3,3,6,21,6
"2256",9,15,6,6,3
"2257",3,27,6,0,3
"2258",12,21,6,0,0
"2259",3,6,3,6,21
"2260",0,24,12,3,0
"2261",3,3,12,15,6
"2262",6,15,15,3,0
"2263",3,9,18,6,3
"2264",3,3,33,0,0
"2265",0,3,3,24,9
"2266",15,21,3,0,0
"2267",3,3,24,3,6
"2268",3,9,15,6,6
"2269",3,0,9,15,12
"2270",0,0,3,30,6
"2271",3,0,12,21,3
"2272",12,21,3,3,0
"2273",9,27,3,0,0
"2274",3,15,15,3,3
"2275",3,3,30,0,3
"2276",6,3,27,3,0
"2277",9,9,0,18,3
"2278",3,3,30,3,0
"2279",3,6,27,0,3
"2280",6,15,18,0,0
"2281",3,3,30,0,3
"2282",6,18,12,3,0
"2283",9,24,6,0,0
"2284",9,3,21,6,0
"2285",6,12,18,3,0
"2286",6,6,24,0,3
"2287",6,3,27,0,3
"2288",3,0,6,3,27
"2289",6,15,15,0,3
"2290",0,3,6,21,9
"2291",9,0,21,9,0
"2292",3,3,21,6,6
"2293",6,21,9,0,3
"2294",6,15,15,3,0
"2295",3,0,0,6,30
"2296",27,12,0,0,0
"2297",0,3,15,15,6
"2298",0,3,9,24,3
"2299",3,3,21,12,0
"2300",6,21,6,6,0
"2301",0,0,27,12,0
"2302",3,6,30,0,0
"2303",6,3,12,15,3
"2304",0,6,24,6,3
"2305",6,3,15,12,3
"2306",0,6,15,9,9
"2307",6,24,9,0,0
"2308",9,0,9,9,12
"2309",6,3,12,15,3
"2310",6,15,12,6,0
"2311",3,3,18,12,3
"2312",30,3,3,3,0
"2313",6,27,3,0,3
"2314",0,9,6,18,6
"2315",3,6,27,3,0
"2316",3,0,6,12,18
"2317",3,0,21,6,9
"2318",3,33,3,0,0
"2319",6,0,27,0,6
"2320",0,6,12,9,12
"2321",6,0,24,6,3
"2322",3,3,27,0,6
"2323",6,0,30,3,0
"2324",0,6,9,21,3
"2325",6,12,21,0,0
"2326",3,3,27,6,0
"2327",0,3,6,27,3
"2328",3,24,12,0,0
"2329",9,15,15,0,0
"2330",21,15,3,0,0
"2331",3,0,18,9,9
"2332",21,6,9,3,0
"2333",6,0,24,6,3
"2334",6,12,15,0,6
"2335",6,30,0,3,0
"2336",6,3,12,3,15
"2337",3,0,30,3,3
"2338",15,21,3,0,0
"2339",0,6,9,21,3
"2340",15,18,6,0,0
"2341",3,21,12,3,0
"2342",0,3,3,15,18
"2343",6,30,3,0,0
"2344",12,21,6,0,0
"2345",3,6,18,9,3
"2346",6,3,30,0,0
"2347",0,0,18,9,12
"2348",3,0,15,9,12
"2349",15,3,12,6,3
"2350",3,0,24,12,0
"2351",6,12,18,3,0
"2352",24,6,9,0,0
"2353",9,21,3,3,3
"2354",6,3,9,18,3
"2355",9,18,12,0,0
"2356",6,27,3,3,0
"2357",12,15,6,0,6
"2358",3,30,3,3,0
"2359",6,6,24,3,0
"2360",9,24,3,3,0
"2361",3,0,30,6,0
"2362",3,6,15,15,0
"2363",18,18,3,0,0
"2364",6,3,27,0,3
"2365",9,15,15,0,0
"2366",12,18,3,6,0
"2367",6,33,0,0,0
"2368",3,3,27,3,3
"2369",3,0,27,3,6
"2370",3,0,24,12,0
"2371",0,0,9,15,15
"2372",6,6,27,0,0
"2373",6,3,0,9,21
"2374",6,3,21,9,0
"2375",6,0,27,3,3
"2376",24,12,3,0,0
"2377",6,12,18,3,0
"2378",3,0,3,15,18
"2379",6,0,3,24,6
"2380",6,0,15,15,3
"2381",3,3,9,21,3
"2382",3,9,24,3,0
"2383",3,0,24,12,0
"2384",0,0,3,27,9
"2385",0,6,30,3,0
"2386",3,30,3,0,3
"2387",3,6,27,0,3
"2388",6,18,6,6,3
"2389",3,0,15,18,3
"2390",0,3,3,27,6
"2391",3,6,0,30,0
"2392",6,3,24,6,0
"2393",30,9,0,0,0
"2394",6,27,6,0,0
"2395",3,30,6,0,0
"2396",0,3,3,21,12
"2397",3,12,15,6,3
"2398",6,6,27,0,0
"2399",0,12,15,12,0
"2400",6,0,9,18,6
"2401",6,3,3,21,6
"2402",3,0,33,3,0
"2403",3,3,24,6,3
"2404",6,0,33,0,0
"2405",6,18,15,0,0
"2406",0,3,15,15,6
"2407",6,0,12,18,3
"2408",9,15,12,3,0
"2409",27,6,3,0,3
"2410",3,6,12,18,0
"2411",3,6,27,3,0
"2412",6,0,27,0,6
"2413",9,6,18,6,0
"2414",3,0,6,21,9
"2415",18,9,6,3,3
"2416",3,3,33,0,0
"2417",6,6,15,9,3
"2418",0,6,24,9,0
"2419",0,9,27,0,3
"2420",3,3,33,0,0
"2421",6,18,9,6,0
"2422",3,6,30,0,0
"2423",3,3,18,6,9
"2424",3,6,30,0,0
"2425",3,15,15,0,6
"2426",6,0,12,9,12
"2427",6,18,15,0,0
"2428",6,27,0,3,3
"2429",0,6,33,0,0
"2430",6,3,12,12,6
"2431",3,27,9,0,0
"2432",0,6,6,24,3
"2433",3,0,30,3,3
"2434",24,12,3,0,0
"2435",6,6,24,3,0
"2436",18,15,6,0,0
"2437",0,9,18,9,3
"2438",3,3,30,3,0
"2439",3,0,33,3,0
"2440",15,21,3,0,0
"2441",9,12,6,12,0
"2442",3,9,3,24,0
"2443",9,6,0,24,0
"2444",9,21,6,3,0
"2445",6,3,30,0,0
"2446",9,3,24,0,3
"2447",0,3,18,9,9
"2448",6,12,9,9,3
"2449",0,3,3,24,9
"2450",0,21,15,0,3
"2451",3,3,24,0,9
"2452",33,6,0,0,0
"2453",9,21,6,3,0
"2454",6,3,24,6,0
"2455",3,3,9,24,0
"2456",21,6,3,6,3
"2457",3,0,0,30,6
"2458",12,6,21,0,0
"2459",6,6,21,0,6
"2460",3,0,33,0,3
"2461",12,15,9,0,3
"2462",3,3,27,3,3
"2463",0,6,30,0,3
"2464",12,27,0,0,0
"2465",0,6,18,15,0
"2466",3,0,21,9,6
"2467",3,3,9,21,3
"2468",15,12,6,6,0
"2469",3,3,33,0,0
"2470",6,3,27,0,3
"2471",9,18,6,6,0
"2472",9,21,3,3,3
"2473",0,3,3,27,6
"2474",6,0,27,3,3
"2475",15,21,3,0,0
"2476",3,0,12,24,0
"2477",6,0,9,18,6
"2478",3,0,33,0,3
"2479",0,3,15,18,3
"2480",3,9,24,0,3
"2481",3,6,21,6,3
"2482",6,3,24,3,3
"2483",6,30,0,3,0
"2484",3,0,6,27,3
"2485",3,15,15,3,3
"2486",3,0,0,30,6
"2487",3,12,9,12,3
"2488",18,12,6,3,0
"2489",0,9,27,0,3
"2490",9,18,12,0,0
"2491",3,3,30,3,0
"2492",0,0,6,30,3
"2493",9,24,3,3,0
"2494",6,3,9,12,9
"2495",3,3,15,12,6
"2496",0,33,3,0,3
"2497",27,9,3,0,0
"2498",6,6,24,3,0
"2499",15,18,3,0,3
"2500",6,18,9,6,0
"2501",3,30,3,3,0
"2502",0,3,24,9,3
"2503",3,3,12,15,6
"2504",6,0,15,6,12
"2505",6,24,9,0,0
"2506",6,0,6,9,18
"2507",15,15,6,0,3
"2508",9,27,0,0,3
"2509",6,6,24,0,3
"2510",6,30,0,3,0
"2511",3,30,6,0,0
"2512",0,9,30,0,0
"2513",0,9,24,6,0
"2514",0,3,9,24,3
"2515",9,24,0,3,3
"2516",0,30,9,0,0
"2517",0,3,6,15,15
"2518",0,3,27,9,0
"2519",3,6,21,9,0
"2520",0,9,18,12,0
"2521",0,0,9,30,0
"2522",3,6,6,18,6
"2523",3,24,9,3,0
"2524",3,0,15,15,6
"2525",12,6,18,3,0
"2526",0,3,3,18,15
"2527",9,24,6,0,0
"2528",0,0,24,9,6
"2529",3,0,18,9,9
"2530",0,3,30,0,6
"2531",0,0,27,9,3
"2532",3,30,3,3,0
"2533",6,3,27,0,3
"2534",3,3,27,0,6
"2535",3,3,15,15,3
"2536",0,3,30,3,3
"2537",6,15,15,0,3
"2538",15,15,3,0,6
"2539",9,15,12,0,3
"2540",3,0,33,0,3
"2541",3,0,3,21,12
"2542",6,0,27,3,3
"2543",3,0,9,18,9
"2544",6,0,18,6,9
"2545",3,15,18,0,3
"2546",0,3,6,24,6
"2547",6,27,0,3,3
"2548",6,0,15,15,3
"2549",3,6,30,0,0
"2550",12,0,6,18,3
"2551",0,9,15,9,6
"2552",6,0,9,18,6
"2553",0,3,3,15,18
"2554",15,15,9,0,0
"2555",0,3,33,0,3
"2556",3,0,21,15,0
"2557",3,3,30,0,3
"2558",3,6,18,6,6
"2559",30,3,6,0,0
"2560",3,3,30,3,0
"2561",0,3,0,18,18
"2562",6,27,6,0,0
"2563",0,6,3,18,12
"2564",0,12,27,0,0
"2565",6,9,3,21,0
"2566",6,3,27,0,3
"2567",3,3,9,21,3
"2568",0,15,15,9,0
"2569",6,21,9,3,0
"2570",3,6,27,3,0
"2571",3,21,9,6,0
"2572",6,3,15,15,0
"2573",6,15,6,6,6
"2574",3,21,9,3,3
"2575",6,3,30,0,0
"2576",3,33,3,0,0
"2577",3,3,9,21,3
"2578",3,21,6,6,3
"2579",9,0,24,0,6
"2580",0,6,3,15,15
"2581",0,9,24,0,6
"2582",21,3,0,0,15
"2583",9,30,0,0,0
"2584",0,9,27,3,0
"2585",6,0,27,3,3
"2586",6,0,21,9,3
"2587",3,6,27,3,0
"2588",6,0,18,6,9
"2589",3,3,24,9,0
"2590",3,3,3,15,15
"2591",15,12,6,0,6
"2592",6,18,15,0,0
"2593",9,27,0,0,3
"2594",3,0,0,24,12
"2595",3,0,21,15,0
"2596",0,3,24,9,3
"2597",9,0,3,15,12
"2598",3,3,27,3,3
"2599",0,3,18,6,12
"2600",6,3,18,12,0
"2601",6,3,27,0,3
"2602",6,0,24,9,0
"2603",9,24,6,0,0
"2604",3,30,0,3,3
"2605",9,12,9,6,3
"2606",6,0,6,27,0
"2607",6,6,27,0,0
"2608",6,0,3,21,9
"2609",12,12,6,3,6
"2610",3,0,21,6,9
"2611",3,9,21,6,0
"2612",3,6,30,0,0
"2613",6,3,24,6,0
"2614",0,30,9,0,0
"2615",6,0,21,9,3
"2616",0,3,6,15,15
"2617",3,6,15,15,0
"2618",6,3,30,0,0
"2619",3,3,30,3,0
"2620",6,21,12,0,0
"2621",15,18,3,3,0
"2622",3,0,27,3,6
"2623",0,0,15,12,12
"2624",3,12,18,6,0
"2625",3,3,33,0,0
"2626",12,3,21,3,0
"2627",6,0,15,18,0
"2628",3,3,9,15,9
"2629",6,9,24,0,0
"2630",3,3,6,12,15
"2631",6,15,15,0,3
"2632",0,6,0,12,21
"2633",0,3,12,12,12
"2634",6,3,24,6,0
"2635",0,3,30,3,3
"2636",15,12,12,0,0
"2637",3,0,24,12,0
"2638",0,6,3,18,12
"2639",6,0,30,0,3
"2640",3,21,9,0,6
"2641",15,6,6,9,3
"2642",3,21,12,3,0
"2643",15,12,6,0,6
"2644",6,6,18,6,3
"2645",36,3,0,0,0
"2646",9,3,9,15,3
"2647",27,6,3,0,3
"2648",0,3,12,15,9
"2649",9,12,18,0,0
"2650",6,6,21,6,0
"2651",6,33,0,0,0
"2652",3,3,30,3,0
"2653",15,18,3,0,3
"2654",6,12,21,0,0
"2655",9,30,0,0,0
"2656",0,3,9,24,3
"2657",0,6,12,18,3
"2658",3,15,18,0,3
"2659",0,3,9,18,9
"2660",3,3,18,3,12
"2661",6,9,24,0,0
"2662",24,12,0,3,0
"2663",3,0,24,12,0
"2664",18,0,3,9,9
"2665",3,0,15,12,9
"2666",12,21,3,3,0
"2667",6,9,21,0,3
"2668",9,0,12,15,3
"2669",3,3,9,18,6
"2670",6,9,15,6,3
"2671",3,9,9,12,6
"2672",3,0,6,27,3
"2673",6,0,3,12,18
"2674",0,18,18,3,0
"2675",30,9,0,0,0
"2676",6,24,3,6,0
"2677",3,3,24,9,0
"2678",3,3,27,6,0
"2679",3,0,15,21,0
"2680",3,3,3,15,15
"2681",3,6,27,0,3
"2682",3,6,27,0,3
"2683",0,3,9,15,12
"2684",3,3,30,3,0
"2685",6,30,3,0,0
"2686",3,6,27,3,0
"2687",6,21,12,0,0
"2688",0,6,24,6,3
"2689",3,3,9,21,3
"2690",0,3,15,21,0
"2691",12,3,12,9,3
"2692",0,0,6,33,0
"2693",12,3,15,6,3
"2694",3,3,27,6,0
"2695",3,9,21,6,0
"2696",3,9,9,12,6
"2697",3,18,9,6,3
"2698",3,0,12,15,9
"2699",3,6,30,0,0
"2700",6,3,27,0,3
"2701",6,3,24,3,3
"2702",3,0,21,9,6
"2703",3,0,0,3,33
"2704",3,30,3,3,0
"2705",33,3,0,3,0
"2706",6,3,27,3,0
"2707",6,9,24,0,0
"2708",0,6,21,9,3
"2709",6,3,12,15,3
"2710",6,21,12,0,0
"2711",3,15,18,3,0
"2712",6,27,6,0,0
"2713",6,12,18,3,0
"2714",6,24,3,3,3
"2715",3,0,12,21,3
"2716",24,12,3,0,0
"2717",3,0,33,3,0
"2718",0,6,3,9,21
"2719",0,6,3,18,12
"2720",18,6,9,6,0
"2721",9,18,6,3,3
"2722",0,6,27,6,0
"2723",0,9,30,0,0
"2724",3,0,18,9,9
"2725",0,6,15,15,3
"2726",6,0,30,3,0
"2727",3,3,27,6,0
"2728",3,0,12,21,3
"2729",6,0,33,0,0
"2730",3,3,30,3,0
"2731",3,6,27,3,0
"2732",0,3,30,6,0
"2733",3,3,30,3,0
"2734",3,3,33,0,0
"2735",0,0,24,6,9
"2736",6,6,0,0,0
"2737",30,9,0,0,0
"2738",3,0,9,18,9
"2739",3,6,27,0,3
"2740",0,9,30,0,0
"2741",3,0,12,24,0
"2742",3,0,21,15,0
"2743",3,0,3,24,9
"2744",0,6,24,3,6
"2745",3,0,9,27,0
"2746",6,0,15,9,9
"2747",3,12,24,0,0
"2748",3,9,18,9,0
"2749",9,18,12,0,0
"2750",6,6,6,12,9
"2751",3,0,12,21,3
"2752",3,21,12,3,0
"2753",6,0,24,3,6
"2754",6,6,27,0,0
"2755",3,0,12,9,15
"2756",3,0,18,15,3
"2757",36,3,0,0,0
"2758",21,12,3,3,0
"2759",3,3,27,3,3
"2760",6,0,18,9,6
"2761",3,3,3,30,0
"2762",0,6,27,3,3
"2763",3,0,6,24,6
"2764",3,24,9,3,0
"2765",0,3,30,3,3
"2766",3,9,21,3,3
"2767",3,24,6,6,0
"2768",6,30,3,0,0
"2769",3,0,36,0,0
"2770",15,12,6,3,3
"2771",6,3,30,0,0
"2772",0,3,21,12,3
"2773",0,3,24,9,3
"2774",6,21,12,0,0
"2775",0,3,30,3,3
"2776",3,3,30,0,3
"2777",6,15,18,0,0
"2778",0,9,24,3,3
"2779",6,18,9,6,0
"2780",3,0,12,12,12
"2781",6,21,9,0,3
"2782",6,15,18,0,0
"2783",3,33,0,3,0
"2784",3,0,9,15,12
"2785",39,0,0,0,0
"2786",9,6,24,0,0
"2787",27,9,3,0,0
"2788",3,15,18,3,0
"2789",3,6,21,6,3
"2790",3,3,9,18,6
"2791",6,15,18,0,0
"2792",15,12,6,0,6
"2793",6,21,12,0,0
"2794",0,9,21,3,6
"2795",3,18,12,0,6
"2796",15,9,9,6,0
"2797",3,0,33,0,3
"2798",3,0,3,30,3
"2799",18,12,0,6,3
"2800",0,3,9,21,6
"2801",6,15,15,0,3
"2802",0,3,3,30,3
"2803",0,3,3,33,0
"2804",6,6,24,0,3
"2805",0,6,6,9,18
"2806",18,6,3,9,3
"2807",15,18,6,0,0
"2808",0,3,15,12,9
"2809",15,24,0,0,0
"2810",15,12,12,0,0
"2811",3,9,24,0,3
"2812",0,3,24,12,0
"2813",3,6,21,9,0
"2814",3,6,21,9,0
"2815",12,9,15,0,3
"2816",3,12,24,0,0
"2817",6,30,3,0,0
"2818",3,6,30,0,0
"2819",9,27,0,3,0
"2820",0,3,9,21,6
"2821",3,0,24,9,3
"2822",0,3,3,9,24
"2823",27,9,0,3,0
"2824",3,0,36,0,0
"2825",6,3,30,0,0
"2826",3,0,18,15,3
"2827",3,15,21,0,0
"2828",3,3,6,18,9
"2829",3,3,30,3,0
"2830",3,3,21,9,3
"2831",6,15,12,3,3
"2832",6,3,3,15,12
"2833",3,18,18,0,0
"2834",3,27,9,0,0
"2835",3,3,3,18,12
"2836",6,6,21,3,3
"2837",6,15,9,3,6
"2838",3,12,24,0,0
"2839",9,12,15,3,0
"2840",6,12,18,0,3
"2841",3,9,27,0,0
"2842",0,15,15,6,3
"2843",9,30,0,0,0
"2844",3,6,18,6,6
"2845",6,0,18,12,3
"2846",3,0,6,21,9
"2847",0,6,12,15,6
"2848",3,0,30,3,3
"2849",6,0,30,3,0
"2850",9,3,24,0,3
"2851",3,6,24,3,3
"2852",0,6,24,9,0
"2853",6,3,27,3,0
"2854",6,0,21,9,3
"2855",0,27,9,3,0
"2856",9,21,0,3,6
"2857",0,3,15,18,3
"2858",6,0,24,9,0
"2859",0,6,27,3,3
"2860",6,12,15,3,3
"2861",3,3,30,3,0
"2862",3,18,18,0,0
"2863",3,6,30,0,0
"2864",3,12,24,0,0
"2865",3,6,3,24,3
"2866",0,3,6,24,6
"2867",6,0,0,21,12
"2868",0,6,3,27,3
"2869",3,0,18,18,0
"2870",6,30,0,0,3
"2871",3,0,27,9,0
"2872",0,3,30,6,0
"2873",3,18,18,0,0
"2874",9,18,12,0,0
"2875",12,21,6,0,0
"2876",0,3,33,3,0
"2877",21,12,6,0,0
"2878",3,9,27,0,0
"2879",3,0,30,6,0
"2880",6,0,0,0,0
"2881",24,6,6,0,3
"2882",3,0,6,30,0
"2883",3,3,15,9,9
"2884",3,0,15,21,0
"2885",9,3,21,3,3
"2886",6,33,0,0,0
"2887",0,6,18,12,3
"2888",3,3,15,12,6
"2889",6,9,21,0,3
"2890",0,3,18,18,0
"2891",15,3,6,3,0
"2892",9,6,24,0,0
"2893",12,0,24,0,3
"2894",0,3,27,6,3
"2895",6,6,24,0,3
"2896",3,6,27,3,0
"2897",9,27,3,0,0
"2898",9,21,9,0,0
"2899",9,21,9,0,0
"2900",6,0,6,21,6
"2901",24,12,3,0,0
"2902",6,24,6,0,3
"2903",3,0,6,24,6
"2904",9,0,27,3,0
"2905",3,3,9,21,3
"2906",6,6,18,6,3
"2907",0,21,18,0,0
"2908",3,6,9,21,0
"2909",3,24,9,3,0
"2910",3,3,6,24,3
"2911",3,0,0,12,24
"2912",0,6,27,6,0
"2913",33,3,0,3,0
"2914",24,9,6,0,0
"2915",3,0,33,0,3
"2916",15,15,6,3,0
"2917",15,21,3,0,0
"2918",0,3,30,6,0
"2919",30,3,0,3,3
"2920",6,30,0,0,3
"2921",0,3,3,30,3
"2922",6,3,27,0,3
"2923",6,9,21,0,3
"2924",3,6,27,0,3
"2925",6,0,30,3,0
"2926",3,0,33,3,0
"2927",6,3,18,12,0
"2928",24,9,3,0,3
"2929",3,3,6,27,0
"2930",3,6,6,18,6
"2931",6,3,30,0,0
"2932",3,0,9,18,9
"2933",6,6,24,0,3
"2934",6,3,15,9,6
"2935",3,6,18,12,0
"2936",18,15,3,0,3
"2937",6,0,6,21,6
"2938",3,0,30,0,6
"2939",3,9,27,0,0
"2940",3,24,12,0,0
"2941",3,3,27,3,3
"2942",3,6,27,3,0
"2943",0,6,9,9,15
"2944",15,12,12,0,0
"2945",6,15,12,6,0
"2946",6,3,24,6,0
"2947",6,0,6,24,3
"2948",12,24,0,0,3
"2949",3,3,9,24,0
"2950",6,27,3,0,3
"2951",6,15,18,0,0
"2952",6,0,24,6,3
"2953",6,18,12,0,3
"2954",0,9,15,12,3
"2955",3,3,33,0,0
"2956",3,3,18,6,9
"2957",12,24,0,3,0
"2958",9,24,0,3,3
"2959",6,9,21,3,0
"2960",12,27,0,0,0
"2961",6,3,21,9,0
"2962",3,3,21,12,0
"2963",0,3,24,9,3
"2964",27,6,3,0,3
"2965",3,3,12,12,9
"2966",3,0,24,12,0
"2967",12,18,9,0,0
"2968",27,12,0,0,0
"2969",0,3,24,12,0
"2970",3,3,12,12,9
"2971",0,3,12,21,3
"2972",15,15,3,3,3
"2973",18,12,3,3,3
"2974",36,3,0,0,0
"2975",3,3,15,15,3
"2976",3,6,15,6,9
"2977",6,6,21,3,3
"2978",6,3,27,0,3
"2979",3,0,6,21,9
"2980",3,3,18,9,6
"2981",3,9,9,9,9
"2982",9,6,18,6,0
"2983",0,6,30,3,0
"2984",3,6,30,0,0
"2985",6,3,15,12,3
"2986",3,3,27,6,0
"2987",6,0,30,3,0
"2988",0,3,33,3,0
"2989",6,0,30,3,0
"2990",3,0,24,9,3
"2991",3,15,9,9,3
"2992",3,33,0,0,3
"2993",3,0,30,3,3
"2994",0,6,30,0,3
"2995",9,15,12,3,0
"2996",6,9,21,3,0
"2997",3,0,27,6,3
"2998",6,9,18,6,0
"2999",6,30,3,0,0
"3000",18,12,3,6,0
"3001",18,9,6,3,3
"3002",0,3,0,33,3
"3003",3,21,6,9,0
"3004",3,0,0,33,3
"3005",3,0,33,3,0
"3006",12,0,3,0,3
"3007",6,3,21,9,0
"3008",27,9,0,3,0
"3009",0,9,24,0,6
"3010",3,3,30,3,0
"3011",6,12,21,0,0
"3012",15,12,0,9,3
"3013",3,0,15,18,3
"3014",0,6,27,3,3
"3015",0,3,33,3,0
"3016",6,15,15,3,0
"3017",3,3,21,6,6
"3018",9,3,15,12,0
"3019",6,0,12,6,15
"3020",3,3,21,3,9
"3021",9,21,6,3,0
"3022",3,0,21,15,0
"3023",6,12,21,0,0
"3024",9,3,27,0,0
"3025",3,3,24,9,0
"3026",9,0,12,18,0
"3027",3,27,6,3,0
"3028",0,6,27,3,3
"3029",21,15,3,0,0
"3030",3,0,3,27,6
"3031",6,30,3,0,0
"3032",6,0,33,0,0
"3033",3,3,3,24,6
"3034",3,6,30,0,0
"3035",0,0,6,27,6
"3036",3,0,30,6,0
"3037",6,6,15,9,3
"3038",3,3,9,24,0
"3039",3,3,15,18,0
"3040",3,3,3,24,6
"3041",39,0,0,0,0
"3042",0,0,6,21,12
"3043",6,3,24,3,3
"3044",15,21,3,0,0
"3045",9,9,9,6,6
"3046",0,9,21,6,3
"3047",6,0,12,21,0
"3048",3,12,24,0,0
"3049",3,6,9,12,9
"3050",3,3,33,0,0
"3051",12,6,21,0,0
"3052",6,0,9,15,9
"3053",6,0,27,6,0
"3054",18,21,0,0,0
"3055",6,6,21,3,3
"3056",0,6,33,0,0
"3057",6,9,24,0,0
"3058",3,6,9,18,3
"3059",9,30,0,0,0
"3060",9,27,0,0,3
"3061",3,9,24,3,0
"3062",6,0,24,3,6
"3063",3,0,24,12,0
"3064",6,30,0,3,0
"3065",6,21,9,3,0
"3066",6,15,15,3,0
"3067",6,21,12,0,0
"3068",21,15,0,3,0
"3069",3,0,27,9,0
"3070",3,0,36,0,0
"3071",3,0,21,15,0
"3072",3,3,3,27,3
"3073",9,24,0,0,6
"3074",0,3,9,24,3
"3075",24,9,3,3,0
"3076",9,27,3,0,0
"3077",18,15,3,3,0
"3078",27,3,3,6,0
"3079",24,3,9,0,3
"3080",0,3,15,12,9
"3081",3,3,21,9,3
"3082",3,15,18,3,0
"3083",3,0,6,27,3
"3084",9,18,6,6,0
"3085",0,3,6,30,0
"3086",12,6,15,3,3
"3087",9,18,6,0,6
"3088",0,3,24,12,0
"3089",3,6,0,12,18
"3090",6,33,0,0,0
"3091",12,24,0,3,0
"3092",3,3,30,3,0
"3093",3,3,6,18,9
"3094",12,24,3,0,0
"3095",0,6,15,15,3
"3096",6,9,21,3,0
"3097",3,9,24,3,0
"3098",12,12,15,0,0
"3099",0,0,24,9,6
"3100",6,18,12,3,0
"3101",12,18,9,0,0
"3102",3,15,21,0,0
"3103",9,15,12,0,3
"3104",0,3,27,6,3
"3105",9,21,6,3,0
"3106",6,9,21,3,0
"3107",6,6,15,12,0
"3108",6,0,6,9,18
"3109",6,3,6,18,6
"3110",6,27,3,0,3
"3111",6,0,30,3,0
"3112",6,15,12,3,3
"3113",3,9,21,0,6
"3114",3,15,12,6,3
"3115",3,0,12,12,12
"3116",6,3,24,3,3
"3117",24,9,3,0,3
"3118",3,0,18,18,0
"3119",6,3,30,0,0
"3120",3,6,15,3,12
"3121",3,3,6,27,0
"3122",6,18,9,6,0
"3123",6,27,6,0,0
"3124",6,0,18,12,3
"3125",0,0,3,12,24
"3126",0,3,3,30,3
"3127",6,3,27,0,3
"3128",3,9,6,21,0
"3129",0,0,21,9,9
"3130",6,15,12,6,0
"3131",0,3,18,18,0
"3132",3,21,12,0,3
"3133",21,15,3,0,0
"3134",3,9,24,0,3
"3135",6,6,15,12,0
"3136",6,3,21,6,3
"3137",6,15,12,6,0
"3138",0,12,9,9,9
"3139",3,24,12,0,0
"3140",3,3,30,0,3
"3141",6,3,30,0,0
"3142",0,3,6,30,0
"3143",6,9,24,0,0
"3144",0,36,0,3,0
"3145",0,3,15,21,0
"3146",3,9,12,9,6
"3147",3,3,9,12,12
"3148",6,0,24,9,0
"3149",3,3,30,3,0
"3150",6,21,12,0,0
"3151",3,0,21,3,12
"3152",6,0,12,18,3
"3153",3,3,27,3,3
"3154",0,0,15,21,3
"3155",12,6,21,0,0
"3156",6,15,9,9,0
"3157",3,12,24,0,0
"3158",3,0,6,27,3
"3159",12,0,6,0,0
"3160",0,6,27,6,0
"3161",6,0,30,3,0
"3162",0,3,24,9,3
"3163",3,21,15,0,0
"3164",6,15,12,3,3
"3165",3,3,30,3,0
"3166",33,0,3,3,0
"3167",3,3,18,9,6
"3168",3,9,27,0,0
"3169",3,6,27,3,0
"3170",6,21,3,6,3
"3171",0,3,18,18,0
"3172",6,0,30,3,0
"3173",3,6,21,3,6
"3174",0,12,24,0,3
"3175",3,15,21,0,0
"3176",0,6,18,12,3
"3177",18,15,3,3,0
"3178",3,27,3,3,3
"3179",0,3,33,0,3
"3180",15,18,6,0,0
"3181",3,0,6,24,6
"3182",3,9,9,9,9
"3183",6,6,0,24,3
"3184",9,3,15,6,6
"3185",3,3,27,0,6
"3186",0,6,6,18,9
"3187",0,0,33,0,6
"3188",3,0,27,3,6
"3189",6,24,3,6,0
"3190",3,3,27,3,3
"3191",6,18,12,3,0
"3192",6,18,12,3,0
"3193",3,27,9,0,0
"3194",0,6,6,27,0
"3195",9,21,6,0,3
"3196",21,9,6,3,0
"3197",0,18,15,0,6
"3198",3,3,27,0,6
"3199",6,18,12,3,0
"3200",3,0,12,6,18
"3201",0,3,30,0,6
"3202",6,6,24,0,3
"3203",6,9,12,9,3
"3204",6,18,9,6,0
"3205",12,3,6,12,6
"3206",6,0,12,15,6
"3207",6,0,33,0,0
"3208",3,0,9,18,9
"3209",15,3,6,15,0
"3210",3,33,3,0,0
"3211",6,3,21,9,0
"3212",6,27,6,0,0
"3213",3,0,33,3,0
"3214",3,3,30,3,0
"3215",30,6,0,0,3
"3216",6,30,3,0,0
"3217",6,3,15,9,6
"3218",6,0,33,0,0
"3219",6,27,6,0,0
"3220",6,6,18,3,6
"3221",9,21,9,0,0
"3222",3,15,6,6,9
"3223",3,12,21,3,0
"3224",6,9,15,9,0
"3225",9,18,6,3,3
"3226",0,0,9,27,3
"3227",9,24,3,3,0
"3228",6,0,30,0,3
"3229",3,0,24,6,6
"3230",6,9,6,6,12
"3231",6,18,9,6,0
"3232",3,0,18,12,6
"3233",12,12,15,0,0
"3234",21,9,6,0,3
"3235",9,3,21,3,3
"3236",3,12,12,9,3
"3237",3,3,15,12,6
"3238",3,18,18,0,0
"3239",6,12,18,3,0
"3240",6,0,27,0,6
"3241",27,12,0,0,0
"3242",3,6,15,9,6
"3243",6,3,21,3,6
"3244",3,0,33,3,0
"3245",6,6,12,6,9
"3246",6,0,21,9,3
"3247",0,3,9,24,3
"3248",30,6,0,3,0
"3249",6,24,6,0,3
"3250",3,6,27,3,0
"3251",6,3,24,6,0
"3252",3,0,15,15,6
"3253",0,3,21,12,3
"3254",3,0,21,6,9
"3255",3,30,3,3,0
"3256",27,6,6,0,0
"3257",9,18,6,3,3
"3258",6,6,24,3,0
"3259",3,0,21,12,3
"3260",0,3,18,12,6
"3261",3,3,0,27,6
"3262",12,18,3,0,6
"3263",6,6,27,0,0
"3264",3,0,33,0,3
"3265",6,24,9,0,0
"3266",3,3,27,6,0
"3267",3,3,9,18,6
"3268",3,0,36,0,0
"3269",6,3,21,6,3
"3270",24,3,6,0,6
"3271",3,0,36,0,0
"3272",0,30,6,3,0
"3273",6,18,15,0,0
"3274",6,3,21,6,3
"3275",3,0,33,0,3
"3276",6,0,21,9,3
"3277",3,15,12,3,6
"3278",0,3,24,12,0
"3279",3,0,12,24,0
"3280",3,3,15,15,3
"3281",6,27,6,0,0
"3282",6,3,21,6,3
"3283",3,0,21,9,6
"3284",0,3,6,15,15
"3285",0,3,18,9,9
"3286",3,3,12,18,3
"3287",3,0,33,0,3
"3288",6,24,6,3,0
"3289",0,3,18,15,3
"3290",3,30,6,0,0
"3291",3,12,21,3,0
"3292",3,3,30,0,3
"3293",3,27,6,3,0
"3294",3,6,18,6,6
"3295",3,0,24,9,3
"3296",0,3,3,3,30
"3297",3,3,30,0,3
"3298",6,12,21,0,0
"3299",0,9,30,0,0
"3300",3,0,33,0,3
"3301",6,3,9,18,3
"3302",9,0,18,9,3
"3303",6,0,0,18,15
"3304",0,3,24,6,6
"3305",24,12,3,0,0
"3306",6,21,9,0,3
"3307",6,0,27,3,3
"3308",0,0,24,9,6
"3309",6,15,12,3,3
"3310",6,9,21,3,0
"3311",0,3,30,6,0
"3312",6,6,24,3,0
"3313",12,0,24,3,0
"3314",6,3,21,3,6
"3315",6,33,0,0,0
"3316",0,3,3,21,12
"3317",0,3,12,21,3
"3318",3,6,27,0,3
"3319",12,27,0,0,0
"3320",3,18,9,3,6
"3321",3,0,30,6,0
"3322",3,6,3,27,0
"3323",3,6,24,6,0
"3324",6,21,12,0,0
"3325",0,3,6,30,0
"3326",6,21,12,0,0
"3327",3,0,15,12,9
"3328",6,6,6,18,3
"3329",6,24,3,3,3
"3330",6,3,30,0,0
"3331",0,9,24,0,6
"3332",0,3,9,21,6
"3333",6,0,21,9,3
"3334",9,21,6,3,0
"3335",3,21,12,0,3
"3336",3,21,12,0,3
"3337",3,18,15,0,3
"3338",21,12,3,0,3
"3339",0,3,15,18,3
"3340",9,24,0,3,3
"3341",6,12,18,3,0
"3342",6,12,18,0,3
"3343",9,21,3,3,3
"3344",12,15,9,3,0
"3345",6,24,6,0,3
"3346",6,0,33,0,0
"3347",3,3,24,6,3
"3348",3,0,12,24,0
"3349",9,6,24,0,0
"3350",6,12,21,0,0
"3351",3,0,12,15,9
"3352",9,3,18,6,3
"3353",3,21,12,0,3
"3354",6,18,12,3,0
"3355",3,0,33,0,3
"3356",3,3,30,3,0
"3357",0,21,9,9,0
"3358",18,0,3,0,0
"3359",12,24,0,0,3
"3360",0,3,3,30,3
"3361",18,15,0,3,3
"3362",3,0,3,27,6
"3363",0,3,18,18,0
"3364",27,12,0,0,0
"3365",0,6,15,15,3
"3366",0,3,3,12,21
"3367",3,6,18,6,6
"3368",3,18,9,9,0
"3369",15,15,3,0,6
"3370",12,27,0,0,0
"3371",21,18,0,0,0
"3372",3,0,9,21,6
"3373",6,0,27,3,3
"3374",0,3,21,12,3
"3375",3,15,15,3,3
"3376",3,0,18,6,12
"3377",3,6,27,0,3
"3378",12,15,9,0,3
"3379",0,3,15,6,15
"3380",6,30,3,0,0
"3381",3,3,18,15,0
"3382",3,0,6,27,3
"3383",0,6,12,12,9
"3384",3,0,18,18,0
"3385",9,21,6,0,3
"3386",9,3,18,3,6
"3387",0,12,27,0,0
"3388",3,9,24,0,3
"3389",3,3,21,12,0
"3390",0,3,36,0,0
"3391",3,3,30,3,0
"3392",3,3,18,6,9
"3393",9,0,30,0,0
"3394",3,0,21,9,6
"3395",12,3,21,0,3
"3396",3,3,27,3,3
"3397",6,6,18,6,3
"3398",3,15,15,6,0
"3399",3,0,6,27,3
"3400",6,3,27,0,3
"3401",3,3,9,9,15
"3402",6,3,21,6,3
"3403",6,0,18,12,3
"3404",6,30,0,3,0
"3405",6,12,15,0,6
"3406",3,3,12,18,3
"3407",6,0,30,3,0
"3408",3,30,3,3,0
"3409",3,15,18,0,3
"3410",3,0,18,9,9
"3411",0,6,24,6,3
"3412",9,15,12,3,0
"3413",21,6,9,0,3
"3414",0,21,12,3,3
"3415",3,3,15,12,6
"3416",0,30,6,3,0
"3417",9,24,6,0,0
"3418",18,18,0,3,0
"3419",3,24,6,3,3
"3420",3,3,21,9,3
"3421",3,3,24,6,3
"3422",12,15,12,0,0
"3423",3,0,3,21,12
"3424",6,3,27,3,0
"3425",0,0,21,12,6
"3426",0,3,33,0,3
"3427",3,3,30,0,3
"3428",3,3,33,0,0
"3429",3,3,21,6,6
"3430",3,0,33,0,3
"3431",3,33,3,0,0
"3432",3,24,6,0,6
"3433",15,18,3,0,3
"3434",3,0,3,15,18
"3435",27,12,0,0,0
"3436",3,21,9,3,3
"3437",6,21,3,6,3
"3438",21,18,0,0,0
"3439",6,6,0,24,3
"3440",6,3,18,12,0
"3441",3,3,24,6,3
"3442",33,6,0,0,0
"3443",0,9,3,21,6
"3444",12,9,15,0,3
"3445",6,30,0,3,0
"3446",3,33,0,0,3
"3447",9,30,0,0,0
"3448",3,3,3,30,0
"3449",12,21,3,0,3
"3450",3,12,21,0,3
"3451",6,0,3,24,6
"3452",0,0,9,18,12
"3453",3,3,9,18,6
"3454",6,9,21,3,0
"3455",0,3,33,0,3
"3456",3,3,18,3,12
"3457",15,21,3,0,0
"3458",0,3,6,21,9
"3459",3,0,27,9,0
"3460",3,0,24,9,3
"3461",3,21,12,3,0
"3462",3,3,0,30,3
"3463",6,0,18,15,0
"3464",0,6,24,6,3
"3465",3,0,33,0,3
"3466",3,0,33,3,0
"3467",0,9,6,18,6
"3468",6,6,9,3,15
"3469",0,0,6,21,12
"3470",0,3,18,18,0
"3471",3,0,3,15,18
"3472",6,0,15,15,3
"3473",6,0,12,18,3
"3474",3,6,30,0,0
"3475",3,0,24,9,3
"3476",0,3,3,27,6
"3477",6,0,30,3,0
"3478",0,24,12,0,3
"3479",0,3,33,3,0
"3480",3,9,21,3,3
"3481",0,6,3,3,27
"3482",3,0,12,12,12
"3483",6,9,21,3,0
"3484",9,0,9,6,15
"3485",3,3,27,6,0
"3486",18,9,12,0,0
"3487",6,0,27,3,3
"3488",6,27,3,3,0
"3489",3,0,24,9,3
"3490",3,12,9,12,3
"3491",6,0,33,0,0
"3492",3,3,9,24,0
"3493",33,3,0,3,0
"3494",3,3,9,15,9
"3495",9,18,6,6,0
"3496",3,3,21,9,3
"3497",6,27,6,0,0
"3498",6,27,3,0,3
"3499",3,3,30,0,3
"3500",3,3,9,6,18
"3501",3,3,27,0,6
"3502",6,15,12,6,0
"3503",6,18,15,0,0
"3504",9,0,21,6,3
"3505",9,30,0,0,0
"3506",3,9,24,3,0
"3507",3,3,9,18,6
"3508",6,0,9,12,12
"3509",0,3,3,21,12
"3510",0,6,21,9,3
"3511",3,3,0,30,3
"3512",9,24,6,0,0
"3513",0,0,6,30,3
"3514",9,3,24,0,3
"3515",12,15,12,0,0
"3516",3,3,3,18,12
"3517",3,3,3,15,15
"3518",9,0,27,0,3
"3519",3,33,0,0,3
"3520",6,0,18,12,3
"3521",3,3,18,9,6
"3522",6,3,24,6,0
"3523",6,21,12,0,0
"3524",3,21,9,0,6
"3525",6,24,6,0,3
"3526",3,0,36,0,0
"3527",3,21,15,0,0
"3528",6,0,21,9,3
"3529",6,0,21,9,3
"3530",6,3,9,9,12
"3531",3,21,15,0,0
"3532",18,12,9,0,0
"3533",6,3,27,3,0
"3534",9,18,9,0,3
"3535",15,15,9,0,0
"3536",3,9,27,0,0
"3537",3,0,12,12,12
"3538",6,12,15,3,3
"3539",6,6,24,3,0
"3540",0,6,6,3,24
"3541",12,18,6,3,0
"3542",3,0,12,18,6
"3543",3,3,33,0,0
"3544",3,0,15,15,6
"3545",3,3,3,30,0
"3546",3,3,27,3,3
"3547",9,12,12,3,3
"3548",3,12,24,0,0
"3549",3,18,18,0,0
"3550",6,12,18,3,0
"3551",30,9,0,0,0
"3552",0,3,9,27,0
"3553",6,24,6,3,0
"3554",3,6,21,6,3
"3555",6,18,9,6,0
"3556",12,24,3,0,0
"3557",6,24,3,3,3
"3558",6,21,9,0,3
"3559",3,3,3,27,3
"3560",12,9,18,0,0
"3561",3,3,18,9,6
"3562",15,0,21,0,3
"3563",0,3,21,9,6
"3564",3,27,3,6,0
"3565",3,9,24,3,0
"3566",6,12,18,0,3
"3567",3,3,6,12,15
"3568",6,9,24,0,0
"3569",9,27,3,0,0
"3570",6,12,21,0,0
"3571",3,0,30,6,0
"3572",6,27,3,3,0
"3573",6,27,6,0,0
"3574",6,0,24,9,0
"3575",9,0,9,21,0
"3576",6,24,3,6,0
"3577",0,6,6,15,12
"3578",6,30,0,0,3
"3579",9,3,18,3,6
"3580",12,9,12,6,0
"3581",6,3,30,0,0
"3582",0,3,30,6,0
"3583",3,27,3,3,3
"3584",0,0,6,24,9
"3585",3,0,24,6,6
"3586",3,6,27,3,0
"3587",0,3,3,24,9
"3588",6,0,30,3,0
"3589",24,9,3,0,3
"3590",3,30,3,3,0
"3591",0,3,30,3,3
"3592",6,3,30,0,0
"3593",6,6,6,18,3
"3594",3,9,27,0,0
"3595",0,3,24,12,0
"3596",6,9,21,3,0
"3597",0,6,9,12,12
"3598",0,3,27,9,0
"3599",3,0,33,3,0
"3600",6,0,18,15,0
"3601",0,3,24,12,0
"3602",3,12,21,3,0
"3603",3,12,21,0,3
"3604",3,21,6,3,6
"3605",6,3,24,6,0
"3606",3,3,30,0,3
"3607",15,24,0,0,0
"3608",3,3,9,12,12
"3609",3,0,9,18,9
"3610",3,3,0,33,0
"3611",3,3,9,21,3
"3612",18,15,3,0,3
"3613",6,0,3,27,3
"3614",3,3,15,18,0
"3615",9,0,27,3,0
"3616",0,18,21,0,0
"3617",3,0,24,9,3
"3618",33,6,0,0,0
"3619",6,21,3,3,6
"3620",6,0,24,0,9
"3621",6,18,12,3,0
"3622",6,15,18,0,0
"3623",6,3,24,6,0
"3624",6,0,24,6,3
"3625",3,3,18,9,6
"3626",3,0,21,15,0
"3627",3,9,21,3,3
"3628",0,3,9,27,0
"3629",0,6,6,27,0
"3630",6,6,27,0,0
"3631",6,24,6,3,0
"3632",6,0,30,0,3
"3633",3,18,18,0,0
"3634",6,3,30,0,0
"3635",3,30,0,3,3
"3636",21,15,3,0,0
"3637",0,6,3,24,6
"3638",9,3,21,3,3
"3639",3,0,9,18,9
"3640",3,0,21,12,3
"3641",6,24,6,3,0
"3642",0,6,24,6,3
"3643",9,6,24,0,0
"3644",3,15,15,3,3
"3645",9,24,6,0,0
"3646",3,6,24,3,3
"3647",3,3,12,18,3
"3648",0,3,24,12,0
"3649",15,15,9,0,0
"3650",0,6,3,18,12
"3651",3,6,30,0,0
"3652",3,30,3,0,3
"3653",30,9,0,0,0
"3654",6,12,15,3,3
"3655",12,21,3,0,3
"3656",3,0,27,9,0
"3657",0,6,27,6,0
"3658",15,24,0,0,0
"3659",3,6,9,9,12
"3660",0,3,12,18,6
"3661",12,21,3,3,0
"3662",3,18,18,0,0
"3663",6,15,15,0,3
"3664",15,15,9,0,0
"3665",0,6,12,18,3
"3666",6,6,27,0,0
"3667",6,6,18,9,0
"3668",3,0,18,18,0
"3669",3,0,24,6,6
"3670",3,3,33,0,0
"3671",6,27,0,6,0
"3672",0,3,21,12,3
"3673",3,15,15,3,3
"3674",0,3,21,6,9
"3675",3,3,3,30,0
"3676",30,6,3,0,0
"3677",0,3,21,12,3
"3678",3,12,21,3,0
"3679",9,24,3,3,0
"3680",9,3,24,0,3
"3681",6,24,9,0,0
"3682",3,9,24,3,0
"3683",3,3,21,9,3
"3684",0,3,33,3,0
"3685",6,3,24,6,0
"3686",6,0,33,0,0
"3687",3,12,24,0,0
"3688",0,3,15,15,6
"3689",3,33,0,0,3
"3690",3,3,21,6,6
"3691",3,0,15,21,0
"3692",21,6,6,3,3
"3693",6,9,18,3,3
"3694",3,18,6,6,6
"3695",3,3,27,3,3
"3696",3,15,12,6,3
"3697",0,9,15,6,9
"3698",0,3,18,6,12
"3699",3,3,21,12,0
"3700",3,3,27,3,3
"3701",3,0,18,6,12
"3702",6,18,6,3,6
"3703",6,3,27,3,0
"3704",0,3,33,0,3
"3705",3,21,12,3,0
"3706",3,9,15,9,3
"3707",6,6,24,3,0
"3708",0,0,21,6,12
"3709",12,3,24,0,0
"3710",6,6,27,0,0
"3711",3,27,6,3,0
"3712",0,3,24,9,3
"3713",3,0,33,0,3
"3714",3,0,33,3,0
"3715",6,0,27,3,3
"3716",3,0,12,6,18
"3717",3,3,30,3,0
"3718",3,0,27,6,3
"3719",3,0,9,18,9
"3720",3,30,6,0,0
"3721",3,33,0,0,3
"3722",12,21,3,3,0
"3723",6,9,21,3,0
"3724",6,30,3,0,0
"3725",3,3,12,15,6
"3726",3,3,9,21,3
"3727",12,9,9,6,3
"3728",6,15,9,0,9
"3729",0,6,33,0,0
"3730",3,15,9,3,9
"3731",0,3,3,30,3
"3732",6,0,21,6,6
"3733",0,3,36,0,0
"3734",6,12,21,0,0
"3735",6,27,3,3,0
"3736",6,24,6,3,0
"3737",6,0,30,3,0
"3738",9,21,6,3,0
"3739",33,6,0,0,0
"3740",3,0,24,6,6
"3741",18,15,6,0,0
"3742",3,3,30,3,0
"3743",6,0,24,9,0
"3744",0,3,15,9,12
"3745",3,3,33,0,0
"3746",24,6,9,0,0
"3747",3,3,30,0,3
"3748",3,21,12,3,0
"3749",0,9,21,9,0
"3750",6,3,30,0,0
"3751",3,9,21,6,0
"3752",3,3,27,3,3
"3753",6,3,18,3,9
"3754",0,3,33,3,0
"3755",12,18,9,0,0
"3756",0,21,18,0,0
"3757",21,12,6,0,0
"3758",0,6,27,6,0
"3759",3,6,0,3,0
"3760",0,6,18,9,6
"3761",3,3,21,3,9
"3762",12,6,18,0,3
"3763",3,3,24,3,6
"3764",3,0,15,21,0
"3765",3,6,30,0,0
"3766",6,9,21,0,3
"3767",0,6,21,12,0
"3768",0,15,18,6,0
"3769",15,12,6,3,3
"3770",6,9,21,0,3
"3771",0,6,27,3,3
"3772",15,18,3,3,0
"3773",3,3,30,3,0
"3774",6,3,30,0,0
"3775",18,18,3,0,0
"3776",3,3,33,0,0
"3777",6,24,3,6,0
"3778",3,3,9,12,12
"3779",21,12,0,3,3
"3780",0,3,12,21,3
"3781",3,30,3,3,0
"3782",3,21,12,3,0
"3783",6,15,12,6,0
"3784",0,3,6,27,3
"3785",6,9,21,3,0
"3786",9,12,18,0,0
"3787",0,0,18,12,9
"3788",18,6,12,3,0
"3789",12,6,0,0,0
"3790",3,18,9,9,0
"3791",12,12,9,3,3
"3792",3,6,18,6,6
"3793",9,24,3,3,0
"3794",3,3,3,30,0
"3795",3,0,27,9,0
"3796",3,6,18,12,0
"3797",3,3,30,0,3
"3798",9,27,3,0,0
"3799",0,3,6,15,15
"3800",6,6,3,3,0
"3801",0,0,30,3,6
"3802",3,0,21,12,3
"3803",6,3,27,0,3
"3804",3,6,21,6,3
"3805",27,6,3,3,0
"3806",6,12,15,6,0
"3807",6,15,15,3,0
"3808",6,9,9,12,3
"3809",9,3,15,9,3
"3810",6,3,18,12,0
"3811",3,3,30,3,0
"3812",0,6,0,18,15
"3813",3,27,6,0,3
"3814",3,15,18,0,3
"3815",3,0,12,15,9
"3816",3,3,33,0,0
"3817",6,3,0,30,0
"3818",6,3,3,9,18
"3819",3,0,33,0,3
"3820",6,0,27,0,6
"3821",6,3,21,6,3
"3822",0,0,3,30,6
"3823",6,6,27,0,0
"3824",3,0,12,12,12
"3825",6,3,18,3,9
"3826",6,9,18,6,0
"3827",6,9,24,0,0
"3828",12,15,6,0,6
"3829",3,6,30,0,0
"3830",9,6,18,3,3
"3831",12,6,18,3,0
"3832",0,12,21,6,0
"3833",3,3,21,12,0
"3834",0,3,6,21,9
"3835",3,3,30,3,0
"3836",3,0,24,12,0
"3837",3,0,6,24,6
"3838",3,3,33,0,0
"3839",6,0,6,18,9
"3840",6,3,30,0,0
"3841",6,0,30,3,0
"3842",6,0,27,6,0
"3843",15,18,0,6,0
"3844",6,3,6,21,3
"3845",0,3,21,15,0
"3846",0,24,9,3,3
"3847",0,3,21,12,3
"3848",3,24,6,3,3
"3849",6,0,30,3,0
"3850",15,21,3,0,0
"3851",3,0,33,0,3
"3852",0,9,15,15,0
"3853",0,3,27,3,6
"3854",3,18,15,3,0
"3855",3,9,21,3,3
"3856",6,0,18,9,6
"3857",3,30,6,0,0
"3858",0,3,27,9,0
"3859",3,6,21,9,0
"3860",6,0,21,9,3
"3861",33,6,0,0,0
"3862",0,3,21,6,9
"3863",12,0,9,3,15
"3864",6,27,0,0,6
"3865",3,3,33,0,0
"3866",6,15,15,3,0
"3867",3,3,18,9,6
"3868",6,3,6,24,0
"3869",6,9,12,12,0
"3870",12,21,6,0,0
"3871",6,27,3,0,3
"3872",0,3,33,3,0
"3873",3,3,3,21,9
"3874",6,3,18,12,0
"3875",3,15,15,6,0
"3876",24,12,3,0,0
"3877",0,15,12,6,6
"3878",0,3,3,12,21
"3879",9,18,9,3,0
"3880",9,18,12,0,0
"3881",6,27,6,0,0
"3882",30,3,0,0,6
"3883",9,9,18,0,3
"3884",12,21,0,0,6
"3885",6,12,18,3,0
"3886",0,12,6,9,12
"3887",3,0,0,9,27
"3888",6,12,18,0,3
"3889",3,3,30,3,0
"3890",3,3,18,12,3
"3891",6,9,18,3,3
"3892",3,3,9,18,6
"3893",0,15,24,0,0
"3894",3,3,24,9,0
"3895",6,0,15,12,6
"3896",3,27,9,0,0
"3897",3,3,27,3,3
"3898",0,33,6,0,0
"3899",6,0,21,9,3
"3900",3,6,15,12,3
"3901",0,0,18,18,3
"3902",3,33,0,3,0
"3903",9,24,6,0,0
"3904",3,0,18,15,3
"3905",3,0,30,3,3
"3906",3,0,24,9,3
"3907",6,3,27,3,0
"3908",3,3,24,9,0
"3909",3,3,27,6,0
"3910",0,6,33,0,0
"3911",15,6,15,3,0
"3912",0,0,6,24,9
"3913",12,15,6,6,0
"3914",6,27,6,0,0
"3915",6,6,3,24,0
"3916",3,6,30,0,0
"3917",3,3,3,21,9
"3918",15,12,6,0,6
"3919",3,0,24,9,3
"3920",3,3,30,0,3
"3921",6,0,12,9,12
"3922",3,3,30,3,0
"3923",6,27,6,0,0
"3924",3,21,12,3,0
"3925",12,21,3,0,3
"3926",0,6,24,9,0
"3927",39,0,0,0,0
"3928",0,12,27,0,0
"3929",3,6,18,12,0
"3930",3,0,18,9,9
"3931",3,9,18,6,3
"3932",3,3,18,15,0
"3933",3,3,3,24,6
"3934",12,0,21,0,6
"3935",3,12,21,0,3
"3936",12,18,6,0,3
"3937",9,3,24,0,3
"3938",0,0,9,24,6
"3939",3,0,33,0,3
"3940",6,27,3,3,0
"3941",6,0,27,6,0
"3942",21,12,6,0,0
"3943",3,3,0,33,0
"3944",0,3,36,0,0
"3945",3,6,18,9,3
"3946",0,0,24,9,6
"3947",27,3,3,3,3
"3948",6,6,21,0,6
"3949",6,3,21,9,0
"3950",0,6,0,30,3
"3951",3,6,30,0,0
"3952",9,30,0,0,0
"3953",0,6,18,9,6
"3954",3,0,33,3,0
"3955",6,21,12,0,0
"3956",9,24,6,0,0
"3957",6,30,3,0,0
"3958",3,9,27,0,0
"3959",3,9,21,3,3
"3960",3,33,3,0,0
"3961",0,6,18,12,3
"3962",3,3,3,9,21
"3963",0,0,6,9,24
"3964",0,9,27,3,0
"3965",0,0,21,9,9
"3966",3,3,30,3,0
"3967",0,6,12,21,0
"3968",15,18,6,0,0
"3969",6,21,12,0,0
"3970",3,3,3,24,6
"3971",3,6,30,0,0
"3972",6,3,24,0,6
"3973",9,24,3,0,3
"3974",3,3,27,0,6
"3975",6,6,24,3,0
"3976",6,9,24,0,0
"3977",6,9,21,3,0
"3978",3,36,0,0,0
"3979",6,6,27,0,0
"3980",6,3,24,0,6
"3981",0,9,27,0,3
"3982",24,9,0,6,0
"3983",3,3,33,0,0
"3984",3,3,33,0,0
"3985",3,3,12,12,9
"3986",3,0,30,6,0
"3987",0,3,21,12,3
"3988",3,6,6,18,6
"3989",12,3,12,12,0
"3990",3,27,6,0,3
"3991",3,6,27,3,0
"3992",0,3,12,18,6
"3993",6,3,21,6,3
"3994",6,27,3,3,0
"3995",6,15,3,6,9
"3996",3,3,9,21,3
"3997",0,3,21,6,9
"3998",15,15,9,0,0
"3999",12,9,9,3,6
"4000",3,0,33,3,0
"4001",3,27,9,0,0
"4002",9,18,9,0,3
"4003",6,6,24,3,0
"4004",3,0,21,9,6
"4005",0,0,3,27,9
"4006",0,6,9,9,15
"4007",6,24,3,3,3
"4008",3,3,3,12,18
"4009",3,12,24,0,0
"4010",6,15,15,0,3
"4011",12,15,12,0,0
"4012",6,6,18,3,6
"4013",3,12,12,9,3
"4014",15,18,6,0,0
"4015",3,3,30,3,0
"4016",0,24,12,3,0
"4017",6,24,6,3,0
"4018",6,0,12,21,0
"4019",9,0,27,3,0
"4020",6,3,30,0,0
"4021",6,3,30,0,0
"4022",6,3,27,3,0
"4023",12,3,15,3,6
"4024",3,6,27,0,3
"4025",3,0,6,18,12
"4026",0,3,6,18,12
"4027",3,30,6,0,0
"4028",3,3,30,3,0
"4029",3,3,21,12,0
"4030",6,0,24,6,3
"4031",0,3,15,12,9
"4032",6,24,6,3,0
"4033",3,3,33,0,0
"4034",18,12,3,3,3
"4035",6,6,21,3,3
"4036",6,0,27,6,0
"4037",3,12,21,0,3
"4038",3,0,21,12,3
"4039",6,3,3,12,15
"4040",3,3,12,9,12
"4041",0,6,27,6,0
"4042",3,12,15,0,9
"4043",3,6,21,6,3
"4044",3,0,18,15,3
"4045",12,3,21,3,0
"4046",6,6,21,3,3
"4047",0,9,9,9,12
"4048",3,3,21,12,0
"4049",3,0,6,21,9
"4050",0,3,33,3,0
"4051",3,21,15,0,0
"4052",15,21,3,0,0
"4053",3,3,30,3,0
"4054",6,0,30,3,0
"4055",6,0,6,21,6
"4056",0,3,33,3,0
"4057",9,6,9,6,9
"4058",18,18,3,0,0
"4059",6,24,6,0,3
"4060",0,3,21,12,3
"4061",3,15,18,3,0
"4062",12,15,12,0,0
"4063",12,15,12,0,0
"4064",21,9,0,6,3
"4065",3,0,12,21,3
"4066",3,3,18,12,3
"4067",0,15,15,9,0
"4068",3,6,27,3,0
"4069",6,3,18,12,0
"4070",6,6,24,3,0
"4071",30,3,3,0,3
"4072",3,6,15,15,0
"4073",6,3,27,3,0
"4074",0,3,6,27,3
"4075",27,3,9,0,0
"4076",3,18,15,0,3
"4077",3,6,18,6,6
"4078",0,3,6,6,24
"4079",3,12,21,0,3
"4080",0,3,0,21,15
"4081",6,21,12,0,0
"4082",3,21,12,0,3
"4083",3,0,27,3,6
"4084",9,21,9,0,0
"4085",15,12,0,6,6
"4086",3,15,9,6,6
"4087",6,21,6,0,6
"4088",3,6,21,6,3
"4089",3,3,27,6,0
"4090",3,0,6,27,3
"4091",6,0,21,9,3
"4092",3,6,30,0,0
"4093",6,3,18,9,3
"4094",6,6,0,27,0
"4095",3,6,15,12,3
"4096",0,3,21,3,12
"4097",0,12,24,3,0
"4098",6,24,6,3,0
"4099",0,3,9,24,3
"4100",6,0,33,0,0
"4101",6,3,30,0,0
"4102",3,6,24,6,0
"4103",6,3,27,0,3
"4104",3,0,33,3,0
"4105",3,6,21,6,3
"4106",3,3,3,18,12
"4107",27,9,3,0,0
"4108",6,6,24,0,3
"4109",12,21,6,0,0
"4110",6,0,6,18,9
"4111",3,33,3,0,0
"4112",9,6,12,12,0
"4113",6,30,0,3,0
"4114",0,9,15,15,0
"4115",3,6,30,0,0
"4116",6,0,21,6,6
"4117",3,27,9,0,0
"4118",6,6,15,9,3
"4119",3,0,9,24,3
"4120",3,3,33,0,0
"4121",6,15,18,0,0
"4122",6,30,3,0,0
"4123",9,6,24,0,0
"4124",6,12,21,0,0
"4125",3,3,18,6,9
"4126",6,6,21,6,0
"4127",3,6,0,27,3
"4128",15,18,0,6,0
"4129",6,12,18,3,0
"4130",3,12,24,0,0
"4131",0,3,21,12,3
"4132",6,21,9,0,3
"4133",3,0,30,3,3
"4134",24,9,3,3,0
"4135",12,12,12,3,0
"4136",3,0,24,9,3
"4137",3,0,12,18,6
"4138",3,3,30,0,3
"4139",3,3,0,24,9
"4140",3,6,12,15,3
"4141",12,24,3,0,0
"4142",9,27,3,0,0
"4143",9,24,0,3,3
"4144",12,24,0,3,0
"4145",24,15,0,0,0
"4146",6,21,9,0,3
"4147",3,0,6,15,15
"4148",3,6,15,12,3
"4149",0,21,18,0,0
"4150",3,0,6,12,18
"4151",27,6,3,0,3
"4152",6,9,18,3,3
"4153",6,0,18,12,3
"4154",0,30,6,0,3
"4155",3,0,33,3,0
"4156",3,0,9,12,15
"4157",3,3,3,15,15
"4158",3,0,30,3,3
"4159",0,12,6,6,15
"4160",15,21,3,0,0
"4161",0,3,30,6,0
"4162",15,12,6,0,6
"4163",12,18,3,3,3
"4164",0,6,24,3,6
"4165",6,6,15,6,6
"4166",9,3,21,3,3
"4167",12,3,18,3,3
"4168",33,3,3,0,0
"4169",3,3,30,3,0
"4170",0,3,9,24,3
"4171",3,3,12,12,9
"4172",0,0,3,0,36
"4173",6,3,30,0,0
"4174",9,24,6,0,0
"4175",6,15,12,6,0
"4176",6,27,6,0,0
"4177",3,27,9,0,0
"4178",6,0,27,3,3
"4179",3,3,30,3,0
"4180",3,6,21,6,3
"4181",0,3,3,27,6
"4182",9,9,12,6,3
"4183",3,3,0,27,6
"4184",3,33,3,0,0
"4185",6,27,3,0,3
"4186",3,30,0,6,0
"4187",6,12,15,3,3
"4188",3,0,30,3,3
"4189",6,0,6,15,12
"4190",3,3,33,0,0
"4191",6,27,6,0,0
"4192",9,15,12,0,3
"4193",3,0,21,3,12
"4194",3,3,27,6,0
"4195",6,0,33,0,0
"4196",3,0,33,0,3
"4197",3,0,21,9,6
"4198",6,9,18,6,0
"4199",9,12,15,0,3
"4200",6,3,6,21,3
"4201",12,18,6,3,0
"4202",18,15,3,0,3
"4203",0,3,24,12,0
"4204",3,18,12,3,3
"4205",27,9,3,0,0
"4206",30,6,3,0,0
"4207",6,0,24,6,3
"4208",3,6,27,0,3
"4209",3,3,30,3,0
"4210",6,12,18,3,0
"4211",3,12,21,0,3
"4212",0,21,15,3,0
"4213",6,3,24,6,0
"4214",6,15,18,0,0
"4215",3,3,33,0,0
"4216",3,0,36,0,0
"4217",15,3,21,0,0
"4218",0,21,12,0,6
"4219",12,3,21,0,3
"4220",0,9,12,15,3
"4221",6,15,9,3,6
"4222",3,0,9,24,3
"4223",6,18,12,0,3
"4224",6,21,6,6,0
"4225",3,0,33,0,3
"4226",3,0,27,9,0
"4227",0,3,9,9,18
"4228",3,3,33,0,0
"4229",0,27,12,0,0
"4230",3,0,18,9,9
"4231",3,0,12,21,3
"4232",3,0,24,9,3
"4233",30,6,3,0,0
"4234",3,3,24,9,0
"4235",0,3,30,6,0
"4236",6,0,12,9,12
"4237",9,3,18,9,0
"4238",6,0,18,9,6
"4239",3,30,6,0,0
"4240",0,6,6,21,6
"4241",3,6,9,21,0
"4242",3,6,30,0,0
"4243",0,3,24,9,3
"4244",3,6,24,3,3
"4245",6,27,3,3,0
"4246",6,3,15,6,9
"4247",3,0,36,0,0
"4248",6,18,15,0,0
"4249",6,6,27,0,0
"4250",3,0,30,6,0
"4251",0,3,18,15,3
"4252",0,3,15,18,3
"4253",6,9,18,3,3
"4254",6,0,30,3,0
"4255",3,24,9,3,0
"4256",3,3,18,12,3
"4257",15,3,21,0,0
"4258",3,0,3,21,12
"4259",3,0,33,0,3
"4260",6,0,30,3,0
"4261",0,9,27,0,3
"4262",12,24,0,3,0
"4263",3,6,27,3,0
"4264",21,15,0,0,3
"4265",6,24,9,0,0
"4266",3,0,9,21,6
"4267",6,6,18,9,0
"4268",18,18,3,0,0
"4269",3,3,0,21,12
"4270",0,6,21,6,6
"4271",9,3,24,0,3
"4272",6,33,0,0,0
"4273",6,6,24,3,0
"4274",3,27,6,0,3
"4275",18,15,3,0,3
"4276",30,6,0,0,3
"4277",6,0,12,3,18
"4278",0,6,21,6,6
"4279",6,3,24,6,0
"4280",3,6,0,9,21
"4281",0,3,21,3,12
"4282",12,6,15,3,3
"4283",3,3,30,3,0
"4284",3,3,21,9,3
"4285",3,3,30,0,3
"4286",9,0,24,3,3
"4287",6,3,24,6,0
"4288",3,12,21,0,3
"4289",0,3,18,12,6
"4290",6,27,3,3,0
"4291",0,3,3,15,18
"4292",6,3,9,18,3
"4293",3,30,3,0,3
"4294",3,33,3,0,0
"4295",3,6,27,0,3
"4296",6,21,12,0,0
"4297",3,0,6,21,9
"4298",0,3,27,6,3
"4299",12,6,18,3,0
"4300",6,24,6,0,3
"4301",6,0,9,21,3
"4302",3,24,6,6,0
"4303",3,3,18,15,0
"4304",30,3,3,3,0
"4305",12,0,24,0,3
"4306",21,9,3,3,3
"4307",6,3,24,3,3
"4308",9,27,3,0,0
"4309",6,30,3,0,0
"4310",3,3,27,3,3
"4311",6,0,21,6,6
"4312",3,12,21,0,3
"4313",18,15,6,0,0
"4314",3,3,6,12,15
"4315",3,6,30,0,0
"4316",15,3,18,0,3
"4317",3,18,12,0,6
"4318",9,3,24,3,0
"4319",3,9,24,3,0
"4320",9,9,18,0,3
"4321",6,0,24,6,3
"4322",3,0,6,12,18
"4323",15,15,9,0,0
"4324",6,27,0,3,3
"4325",3,3,27,3,3
"4326",3,6,27,0,3
"4327",3,3,0,15,18
"4328",6,6,24,0,3
"4329",3,21,6,6,3
"4330",6,6,18,9,0
"4331",0,3,24,3,9
"4332",0,3,12,9,15
"4333",3,3,18,12,3
"4334",3,3,6,27,0
"4335",0,3,9,15,12
"4336",0,0,3,27,9
"4337",0,3,27,3,6
"4338",9,0,9,15,6
"4339",0,3,12,18,6
"4340",9,6,6,12,6
"4341",3,6,24,6,0
"4342",0,0,36,3,0
"4343",6,30,0,3,0
"4344",0,3,30,6,0
"4345",3,0,18,12,6
"4346",6,3,27,3,0
"4347",3,3,0,18,15
"4348",9,27,3,0,0
"4349",6,0,27,3,3
"4350",0,3,21,9,6
"4351",0,6,30,3,0
"4352",18,0,6,15,0
"4353",3,6,21,9,0
"4354",3,3,30,0,3
"4355",3,24,9,3,0
"4356",6,9,18,3,3
"4357",24,6,6,3,0
"4358",3,0,21,12,3
"4359",3,3,18,12,3
"4360",3,15,21,0,0
"4361",3,24,6,0,6
"4362",3,33,0,3,0
"4363",0,6,9,21,3
"4364",3,0,30,0,6
"4365",3,3,30,3,0
"4366",6,0,6,27,0
"4367",0,3,30,6,0
"4368",6,0,21,12,0
"4369",15,12,12,0,0
"4370",6,24,9,0,0
"4371",3,3,33,0,0
"4372",15,9,9,3,3
"4373",6,12,12,6,3
"4374",12,0,15,12,0
"4375",3,36,0,0,0
"4376",0,3,24,12,0
"4377",3,3,30,3,0
"4378",0,3,30,3,3
"4379",3,3,3,27,3
"4380",6,30,0,3,0
"4381",0,3,24,3,9
"4382",0,6,3,30,0
"4383",6,0,27,0,6
"4384",3,6,27,3,0
"4385",3,0,15,15,6
"4386",6,18,15,0,0
"4387",6,0,27,3,3
"4388",6,27,3,0,3
"4389",27,6,3,3,0
"4390",6,0,0,33,0
"4391",12,0,21,6,0
"4392",3,3,9,12,12
"4393",3,3,30,0,3
"4394",6,21,12,0,0
"4395",6,9,18,6,0
"4396",12,6,15,3,3
"4397",3,3,33,0,0
"4398",6,27,6,0,0
"4399",3,27,9,0,0
"4400",6,6,15,6,6
"4401",6,6,18,3,6
"4402",0,3,27,6,3
"4403",18,12,3,3,3
"4404",3,6,30,0,0
"4405",3,24,9,0,3
"4406",3,0,30,3,3
"4407",36,3,0,0,0
"4408",0,0,24,6,9
"4409",3,15,18,3,0
"4410",0,0,9,15,15
"4411",15,18,3,0,3
"4412",6,12,18,0,3
"4413",3,0,30,6,0
"4414",3,0,30,6,0
"4415",0,3,18,9,9
"4416",12,21,3,3,0
"4417",3,9,12,0,15
"4418",21,15,0,3,0
"4419",3,12,21,3,0
"4420",6,6,18,0,9
"4421",6,0,27,3,3
"4422",39,0,0,0,0
"4423",24,15,0,0,0
"4424",6,3,12,18,0
"4425",9,6,15,9,0
"4426",3,0,33,0,3
"4427",21,9,3,6,0
"4428",6,3,24,0,6
"4429",27,3,6,3,0
"4430",15,18,6,0,0
"4431",3,6,24,6,0
"4432",3,0,24,9,3
"4433",3,0,24,12,0
"4434",9,18,6,0,6
"4435",3,9,21,6,0
"4436",21,6,6,6,0
"4437",6,3,15,15,0
"4438",6,3,30,0,0
"4439",3,0,18,12,6
"4440",3,0,33,3,0
"4441",6,0,21,9,3
"4442",12,18,6,3,0
"4443",12,0,18,6,3
"4444",30,3,0,3,3
"4445",6,6,24,0,3
"4446",9,3,18,0,9
"4447",3,15,18,0,3
"4448",3,9,27,0,0
"4449",6,3,27,3,0
"4450",9,0,27,0,3
"4451",3,21,15,0,0
"4452",3,3,24,9,0
"4453",0,3,33,0,3
"4454",18,3,15,0,3
"4455",21,18,0,0,0
"4456",6,3,27,3,0
"4457",6,3,30,0,0
"4458",3,6,30,0,0
"4459",3,0,9,24,3
"4460",3,3,15,9,9
"4461",3,0,24,9,3
"4462",0,6,24,6,3
"4463",6,6,24,0,3
"4464",12,3,15,6,3
"4465",6,0,6,24,3
"4466",9,9,18,0,3
"4467",15,21,3,0,0
"4468",6,6,27,0,0
"4469",18,18,0,0,3
"4470",3,3,18,15,0
"4471",3,3,18,6,9
"4472",12,0,3,12,12
"4473",0,3,24,6,6
"4474",6,24,9,0,0
"4475",6,18,9,3,3
"4476",3,0,15,12,9
"4477",6,0,6,21,6
"4478",15,15,6,3,0
"4479",6,15,9,9,0
"4480",18,3,0,6,12
"4481",9,30,0,0,0
"4482",3,12,21,3,0
"4483",6,0,21,12,0
"4484",9,21,3,6,0
"4485",6,6,3,15,9
"4486",6,15,12,6,0
"4487",6,30,3,0,0
"4488",3,0,12,24,0
"4489",3,3,27,3,3
"4490",3,21,12,0,3
"4491",0,3,30,3,3
"4492",27,9,3,0,0
"4493",3,6,12,18,0
"4494",3,12,21,3,0
"4495",6,9,21,3,0
"4496",9,0,30,0,0
"4497",3,6,27,3,0
"4498",6,27,6,0,0
"4499",3,0,12,24,0
"4500",30,6,3,0,0
"4501",3,0,27,9,0
"4502",9,15,15,0,0
"4503",3,6,15,9,6
"4504",0,3,6,21,9
"4505",0,3,18,15,3
"4506",3,12,21,0,3
"4507",9,15,6,6,3
"4508",0,33,3,3,0
"4509",21,15,3,0,0
"4510",6,3,24,6,0
"4511",12,21,6,0,0
"4512",0,6,9,18,6
"4513",3,3,30,0,3
"4514",15,6,9,0,9
"4515",6,3,24,6,0
"4516",0,9,0,27,3
"4517",3,6,9,9,12
"4518",6,0,21,9,3
"4519",3,21,12,0,3
"4520",6,24,9,0,0
"4521",6,9,18,6,0
"4522",12,9,12,6,0
"4523",3,6,15,12,3
"4524",6,21,3,3,6
"4525",6,9,18,3,3
"4526",6,30,0,0,3
"4527",33,3,3,0,0
"4528",3,0,36,0,0
"4529",3,3,15,6,12
"4530",9,3,27,0,0
"4531",0,6,30,0,3
"4532",9,9,15,6,0
"4533",0,3,3,15,18
"4534",6,30,0,3,0
"4535",12,3,12,3,9
"4536",3,0,21,9,6
"4537",0,3,9,15,12
"4538",3,15,18,3,0
"4539",6,27,3,3,0
"4540",3,18,18,0,0
"4541",3,6,27,0,3
"4542",0,12,27,0,0
"4543",3,3,33,0,0
"4544",6,0,30,0,3
"4545",0,3,24,6,6
"4546",6,0,27,6,0
"4547",3,27,9,0,0
"4548",9,3,3,9,15
"4549",3,6,18,12,0
"4550",3,0,3,6,27
"4551",3,30,6,0,0
"4552",3,33,3,0,0
"4553",6,9,18,0,6
"4554",27,3,6,0,3
"4555",6,0,24,6,3
"4556",6,6,27,0,0
"4557",9,3,21,3,3
"4558",3,3,18,15,0
"4559",0,6,0,21,12
"4560",0,9,12,6,12
"4561",12,18,6,3,0
"4562",9,27,0,3,0
"4563",3,3,30,3,0
"4564",3,3,15,18,0
"4565",30,9,0,0,0
"4566",0,3,24,12,0
"4567",3,3,18,15,0
"4568",6,27,0,3,3
"4569",9,24,6,0,0
"4570",21,12,6,0,0
"4571",3,15,18,3,0
"4572",3,12,21,3,0
"4573",0,3,21,15,0
"4574",9,30,0,0,0
"4575",33,3,0,3,0
"4576",3,12,24,0,0
"4577",3,6,27,3,0
"4578",24,3,9,3,0
"4579",3,21,15,0,0
"4580",3,12,24,0,0
"4581",3,24,9,3,0
"4582",3,12,15,3,6
"4583",6,27,0,3,3
"4584",3,33,0,0,3
"4585",3,18,18,0,0
"4586",3,3,21,9,3
"4587",3,3,30,0,3
"4588",3,3,30,0,3
"4589",12,18,6,3,0
"4590",0,0,12,18,9
"4591",0,0,12,27,0
"4592",21,9,6,0,3
"4593",15,6,15,0,3
"4594",3,0,6,30,0
"4595",3,12,24,0,0
"4596",15,6,12,3,3
"4597",9,0,27,3,0
"4598",0,0,15,18,6
"4599",6,3,27,0,3
"4600",9,15,15,0,0
"4601",3,6,27,3,0
"4602",0,3,12,15,9
"4603",0,3,18,15,3
"4604",6,24,6,3,0
"4605",6,0,24,6,3
"4606",3,30,6,0,0
"4607",3,0,15,9,12
"4608",3,6,6,15,9
"4609",0,6,30,3,0
"4610",6,6,9,15,3
"4611",3,9,0,27,0
"4612",3,0,3,15,18
"4613",3,6,12,3,15
"4614",3,0,24,3,9
"4615",3,0,24,12,0
"4616",9,3,24,0,3
"4617",0,3,24,6,6
"4618",6,0,30,3,0
"4619",6,9,24,0,0
"4620",6,9,21,3,0
"4621",6,30,0,0,3
"4622",0,3,30,3,3
"4623",6,21,9,0,3
"4624",0,6,24,3,6
"4625",18,12,6,3,0
"4626",24,3,3,0,3
"4627",0,3,24,9,3
"4628",3,30,0,3,3
"4629",12,12,12,0,3
"4630",0,3,18,18,0
"4631",9,3,24,3,0
"4632",0,9,9,15,6
"4633",3,12,21,3,0
"4634",6,30,0,0,3
"4635",12,9,18,0,0
"4636",9,12,12,6,0
"4637",3,15,18,3,0
"4638",0,3,21,9,6
"4639",3,0,9,27,0
"4640",3,30,3,0,3
"4641",9,9,18,3,0
"4642",0,3,24,9,3
"4643",3,3,6,15,12
"4644",6,30,3,0,0
"4645",3,0,27,6,3
"4646",3,3,3,9,21
"4647",3,3,12,12,9
"4648",0,3,33,3,0
"4649",3,27,9,0,0
"4650",6,27,3,3,0
"4651",0,6,30,3,0
"4652",3,27,6,0,3
"4653",3,0,21,15,0
"4654",0,6,3,24,6
"4655",6,0,12,18,3
"4656",24,12,0,0,3
"4657",0,0,30,9,0
"4658",6,21,9,0,3
"4659",3,3,6,15,12
"4660",18,12,3,6,0
"4661",3,3,18,12,3
"4662",6,0,3,24,6
"4663",3,0,15,18,3
"4664",6,3,24,6,0
"4665",0,6,18,9,6
"4666",3,15,15,3,3
"4667",3,0,0,30,6
"4668",3,6,12,18,0
"4669",6,3,18,12,0
"4670",6,0,27,6,0
"4671",0,3,15,15,6
"4672",3,6,3,18,9
"4673",9,3,27,0,0
"4674",3,3,27,6,0
"4675",6,6,3,15,9
"4676",3,0,9,18,9
"4677",3,3,24,9,0
"4678",6,0,18,12,3
"4679",0,6,6,6,21
"4680",0,9,18,9,3
"4681",0,6,6,24,3
"4682",0,3,9,21,6
"4683",9,3,21,3,3
"4684",3,6,15,6,9
"4685",0,3,18,15,3
"4686",9,27,3,0,0
"4687",3,0,9,15,12
"4688",9,30,0,0,0
"4689",9,9,9,9,3
"4690",3,6,30,0,0
"4691",6,0,27,6,0
"4692",3,0,30,6,0
"4693",12,24,3,0,0
"4694",3,3,18,15,0
"4695",12,6,21,0,0
"4696",0,6,24,9,0
"4697",0,3,15,21,0
"4698",18,3,12,3,3
"4699",0,6,30,3,0
"4700",6,3,27,3,0
"4701",6,6,9,6,12
"4702",15,21,3,0,0
"4703",0,6,27,6,0
"4704",3,27,9,0,0
"4705",9,3,15,9,3
"4706",0,3,15,18,3
"4707",3,3,30,0,3
"4708",30,6,3,0,0
"4709",9,6,3,18,3
"4710",3,3,24,6,3
"4711",9,9,15,3,3
"4712",0,6,0,27,6
"4713",3,12,24,0,0
"4714",3,3,18,9,6
"4715",0,3,21,6,9
"4716",3,3,24,9,0
"4717",12,24,3,0,0
"4718",27,3,0,6,3
"4719",18,3,6,12,0
"4720",6,0,15,6,12
"4721",3,33,0,3,0
"4722",6,6,24,3,0
"4723",6,9,21,0,3
"4724",3,0,27,6,3
"4725",6,33,0,0,0
"4726",3,0,27,9,0
"4727",3,3,18,15,0
"4728",6,9,15,0,9
"4729",3,3,30,0,3
"4730",6,0,27,3,3
"4731",0,15,15,6,3
"4732",30,9,0,0,0
"4733",9,9,21,0,0
"4734",0,3,30,6,0
"4735",6,9,9,15,0
"4736",6,3,9,18,3
"4737",3,3,9,24,0
"4738",3,27,3,6,0
"4739",12,21,3,0,3
"4740",12,21,6,0,0
"4741",9,3,21,3,3
"4742",3,3,18,6,9
"4743",6,12,18,0,3
"4744",3,3,27,6,0
"4745",6,3,12,15,3
"4746",15,15,6,3,0
"4747",9,24,3,3,0
"4748",0,3,30,3,3
"4749",3,3,21,9,3
"4750",3,3,24,9,0
"4751",9,6,24,0,0
"4752",6,27,6,0,0
"4753",15,21,3,0,0
"4754",6,3,24,0,6
"4755",3,3,30,0,3
"4756",6,3,24,3,3
"4757",0,6,30,3,0
"4758",6,3,6,18,6
"4759",6,15,6,9,3
"4760",3,3,3,21,9
"4761",0,3,27,3,6
"4762",0,15,18,0,6
"4763",3,3,18,12,3
"4764",0,3,6,18,12
"4765",6,9,24,0,0
"4766",15,0,0,0,0
"4767",6,0,27,3,3
"4768",3,30,0,6,0
"4769",6,27,6,0,0
"4770",24,9,6,0,0
"4771",3,0,3,27,6
"4772",3,3,30,3,0
"4773",6,0,15,18,0
"4774",0,3,21,12,3
"4775",0,6,3,30,0
"4776",3,3,30,0,3
"4777",3,3,24,6,3
"4778",9,24,3,3,0
"4779",0,3,15,6,15
"4780",6,3,27,3,0
"4781",0,3,36,0,0
"4782",0,21,12,3,3
"4783",3,0,15,18,3
"4784",3,18,18,0,0
"4785",6,0,18,12,3
"4786",0,6,21,12,0
"4787",3,3,18,6,9
"4788",3,0,18,15,3
"4789",12,27,0,0,0
"4790",0,6,15,6,12
"4791",15,15,9,0,0
"4792",6,24,6,3,0
"4793",6,3,0,30,0
"4794",0,0,9,15,15
"4795",6,27,6,0,0
"4796",9,0,21,9,0
"4797",3,3,27,0,6
"4798",6,0,6,24,3
"4799",6,30,0,3,0
"4800",6,0,0,24,9
"4801",12,3,18,3,3
"4802",0,3,27,9,0
"4803",3,24,12,0,0
"4804",18,18,3,0,0
"4805",3,15,21,0,0
"4806",15,12,12,0,0
"4807",3,18,12,6,0
"4808",3,3,9,21,3
"4809",3,18,18,0,0
"4810",24,12,3,0,0
"4811",9,3,24,3,0
"4812",15,18,6,0,0
"4813",6,12,15,3,3
"4814",3,0,9,21,6
"4815",3,3,18,9,6
"4816",12,24,3,0,0
"4817",15,3,15,3,3
"4818",15,9,9,3,3
"4819",3,0,21,6,9
"4820",3,0,36,0,0
"4821",3,3,24,9,0
"4822",6,3,12,12,6
"4823",0,6,12,21,0
"4824",6,9,18,3,3
"4825",3,21,9,6,0
"4826",6,6,24,0,3
"4827",0,6,30,0,3
"4828",0,6,3,27,3
"4829",12,12,6,3,6
"4830",15,18,0,0,6
"4831",12,15,9,0,3
"4832",3,0,30,0,6
"4833",0,6,18,15,0
"4834",0,3,9,18,9
"4835",3,6,27,3,0
"4836",21,6,6,6,0
"4837",6,6,21,3,3
"4838",3,3,21,3,9
"4839",6,27,3,3,0
"4840",6,3,0,21,9
"4841",0,36,3,0,0
"4842",12,6,18,0,3
"4843",9,24,6,0,0
"4844",0,12,24,3,0
"4845",9,15,12,3,0
"4846",9,0,24,3,3
"4847",6,0,30,3,0
"4848",3,3,9,12,12
"4849",3,0,33,3,0
"4850",3,3,18,3,12
"4851",0,3,21,6,9
"4852",12,18,3,3,3
"4853",27,3,0,6,3
"4854",6,3,21,9,0
"4855",15,12,9,3,0
"4856",3,21,9,6,0
"4857",12,9,15,3,0
"4858",3,30,6,0,0
"4859",3,3,24,6,3
"4860",6,3,21,3,6
"4861",9,24,3,0,3
"4862",6,0,12,12,9
"4863",6,0,27,3,3
"4864",3,12,24,0,0
"4865",3,3,30,0,3
"4866",3,3,30,3,0
"4867",30,9,0,0,0
"4868",3,6,15,9,6
"4869",3,6,24,6,0
"4870",9,30,0,0,0
"4871",6,9,18,3,3
"4872",3,6,27,3,0
"4873",3,3,33,0,0
"4874",6,3,12,3,15
"4875",3,15,15,3,3
"4876",6,3,18,9,3
"4877",6,0,27,3,3
"4878",0,3,3,27,6
"4879",3,0,6,24,6
"4880",3,3,9,18,6
"4881",6,0,21,12,0
"4882",6,9,21,0,3
"4883",3,30,6,0,0
"4884",6,27,6,0,0
"4885",9,21,6,3,0
"4886",0,6,15,18,0
"4887",3,3,27,0,6
"4888",0,3,3,15,18
"4889",6,0,6,27,0
"4890",3,33,3,0,0
"4891",6,6,9,18,0
"4892",0,9,24,3,3
"4893",6,3,12,12,6
"4894",15,15,3,3,3
"4895",3,3,3,12,18
"4896",3,3,27,3,3
"4897",3,3,30,3,0
"4898",6,0,12,9,12
"4899",3,3,30,0,3
"4900",0,0,3,18,18
"4901",0,3,0,21,15
"4902",3,0,6,18,12
"4903",12,27,0,0,0
"4904",3,6,30,0,0
"4905",9,0,12,15,3
"4906",18,12,6,0,3
"4907",0,9,15,9,6
"4908",6,18,15,0,0
"4909",6,18,15,0,0
"4910",0,3,0,21,15
"4911",3,0,15,12,9
"4912",3,18,9,6,3
"4913",0,6,3,27,3
"4914",3,6,6,24,0
"4915",3,0,24,9,3
"4916",3,3,3,12,18
"4917",0,6,3,30,0
"4918",0,9,24,6,0
"4919",0,18,18,3,0
"4920",3,0,18,9,9
"4921",3,6,21,9,0
"4922",6,0,18,9,6
"4923",3,18,15,3,0
"4924",9,9,21,0,0
"4925",15,15,6,0,3
"4926",0,0,3,27,9
"4927",3,3,30,3,0
"4928",30,3,3,0,3
"4929",3,3,21,12,0
"4930",6,30,0,0,3
"4931",6,6,24,3,0
"4932",33,3,3,0,0
"4933",3,15,9,9,3
"4934",3,3,27,6,0
"4935",3,0,15,18,3
"4936",9,3,9,18,0
"4937",6,6,21,3,3
"4938",3,3,30,3,0
"4939",6,9,9,12,3
"4940",3,15,15,6,0
"4941",6,6,27,0,0
"4942",3,6,27,0,3
"4943",0,6,12,18,3
"4944",9,0,27,3,0
"4945",0,3,30,6,0
"4946",3,3,30,3,0
"4947",30,6,0,0,3
"4948",3,9,24,0,3
"4949",33,3,3,0,0
"4950",3,18,6,9,3
"4951",0,3,21,9,6
"4952",3,3,27,6,0
"4953",6,6,24,3,0
"4954",3,6,15,12,3
"4955",9,3,27,0,0
"4956",18,21,0,0,0
"4957",0,3,18,18,0
"4958",6,0,21,6,6
"4959",3,0,21,12,3
"4960",9,21,3,6,0
"4961",6,0,24,6,3
"4962",6,30,3,0,0
"4963",6,15,18,0,0
"4964",3,3,30,3,0
"4965",9,3,21,0,6
"4966",6,21,12,0,0
"4967",6,3,9,18,3
"4968",0,6,21,9,3
"4969",0,3,21,12,3
"4970",9,27,3,0,0
"4971",3,3,30,3,0
"4972",0,3,21,12,3
"4973",6,24,6,3,0
"4974",0,9,24,0,6
"4975",9,0,12,12,6
"4976",12,6,18,3,0
"4977",3,0,18,15,3
"4978",6,27,3,0,3
"4979",6,0,33,0,0
"4980",3,6,24,3,3
"4981",3,3,24,9,0
"4982",9,6,21,3,0
"4983",3,21,9,3,3
"4984",12,27,0,0,0
"4985",9,15,15,0,0
"4986",3,3,27,3,3
"4987",27,3,6,3,0
"4988",12,9,3,15,0
"4989",3,3,27,3,3
"4990",12,6,15,3,3
"4991",3,9,24,3,0
"4992",9,0,30,0,0
"4993",0,3,36,0,0
"4994",3,15,18,3,0
"4995",3,9,21,6,0
"4996",9,24,6,0,0
"4997",3,6,15,15,0
"4998",0,6,12,15,6
"4999",6,27,6,0,0
"5000",15,0,21,3,0
